../dataset/kitti/testing/image_2/000010.png 0.7278636693954468 597 469 588 446 599 441 608 464
../dataset/kitti/testing/image_2/000010.png 0.7028825879096985 594 772 601 748 612 752 606 775
../dataset/kitti/testing/image_2/000010.png 0.4877074956893921 531 940 542 919 553 924 542 946
../dataset/kitti/testing/image_2/000010.png 0.4524596929550171 459 285 437 266 445 257 467 276
../dataset/kitti/testing/image_2/000015.png 0.9427714943885803 594 773 600 749 612 753 605 776
../dataset/kitti/testing/image_2/000015.png 0.7638402581214905 463 283 443 264 451 255 471 275
../dataset/kitti/testing/image_2/000015.png 0.7535479068756104 598 468 588 446 599 441 609 463
../dataset/kitti/testing/image_2/000015.png 0.7192399501800537 530 944 543 923 553 929 541 950
../dataset/kitti/testing/image_2/000027.png 0.8652878999710083 530 941 542 920 553 926 541 947
../dataset/kitti/testing/image_2/000027.png 0.7337397933006287 597 466 591 442 603 439 609 463
../dataset/kitti/testing/image_2/000027.png 0.6178737878799438 596 774 601 750 613 752 607 776
../dataset/kitti/testing/image_2/000027.png 0.40432557463645935 471 278 457 256 467 250 481 271
../dataset/kitti/testing/image_2/000027.png 0.01546979695558548 371 240 355 227 362 218 378 231
../dataset/kitti/testing/image_2/000027.png 0.012543934397399426 457 360 438 346 446 335 465 350
../dataset/kitti/testing/image_2/000069.png 0.8839579224586487 602 569 602 544 615 545 614 569
../dataset/kitti/testing/image_2/000069.png 0.8665236830711365 601 674 602 650 614 650 613 675
../dataset/kitti/testing/image_2/000069.png 0.8270860910415649 555 487 557 457 569 457 568 487
../dataset/kitti/testing/image_2/000069.png 0.6422786116600037 602 716 602 692 614 692 614 716
../dataset/kitti/testing/image_2/000101.png 0.8100776076316833 584 778 589 755 601 757 595 781
../dataset/kitti/testing/image_2/000101.png 0.7878507971763611 550 936 558 913 570 917 561 940
../dataset/kitti/testing/image_2/000101.png 0.6913781762123108 537 237 531 216 543 213 548 234
../dataset/kitti/testing/image_2/000101.png 0.6861131191253662 604 473 601 449 613 447 616 471
../dataset/kitti/testing/image_2/000101.png 0.11272411793470383 454 172 443 156 453 150 464 166
../dataset/kitti/testing/image_2/000106.png 0.9850907325744629 603 471 602 447 614 446 616 470
../dataset/kitti/testing/image_2/000106.png 0.9403946399688721 584 779 588 755 600 758 596 781
../dataset/kitti/testing/image_2/000106.png 0.9146819114685059 554 938 557 913 569 915 566 939
../dataset/kitti/testing/image_2/000106.png 0.475271999835968 540 237 534 214 545 211 552 234
../dataset/kitti/testing/image_2/000106.png 0.06460502743721008 185 172 191 148 202 150 196 175
../dataset/kitti/testing/image_2/000106.png 0.010314513929188251 218 233 231 211 241 217 229 239
../dataset/kitti/testing/image_2/000111.png 0.8991029262542725 604 473 602 448 614 448 616 472
../dataset/kitti/testing/image_2/000111.png 0.895138144493103 553 937 559 913 570 916 565 940
../dataset/kitti/testing/image_2/000111.png 0.8825550675392151 584 781 587 757 599 759 596 783
../dataset/kitti/testing/image_2/000111.png 0.8624318242073059 541 239 538 214 550 213 553 238
../dataset/kitti/testing/image_2/000111.png 0.3376838266849518 467 157 467 132 479 132 480 157
../dataset/kitti/testing/image_2/000116.png 0.9583109021186829 605 473 602 449 615 448 617 472
../dataset/kitti/testing/image_2/000116.png 0.7207661271095276 554 936 560 913 571 916 566 939
../dataset/kitti/testing/image_2/000116.png 0.6889289021492004 545 241 542 217 554 216 557 239
../dataset/kitti/testing/image_2/000116.png 0.624268651008606 585 783 587 759 599 761 597 785
../dataset/kitti/testing/image_2/000116.png 0.13854891061782837 473 158 470 133 482 131 485 157
../dataset/kitti/testing/image_2/000116.png 0.02939786948263645 183 145 185 121 197 122 195 146
../dataset/kitti/testing/image_2/000116.png 0.02873825468122959 213 207 229 188 239 196 222 215
../dataset/kitti/testing/image_2/000121.png 0.9826185703277588 605 475 603 451 615 450 617 475
../dataset/kitti/testing/image_2/000121.png 0.9667198657989502 584 784 589 760 601 762 596 786
../dataset/kitti/testing/image_2/000121.png 0.9256786108016968 546 242 544 216 556 215 558 240
../dataset/kitti/testing/image_2/000121.png 0.8175227046012878 558 938 561 914 573 915 570 939
../dataset/kitti/testing/image_2/000121.png 0.08138585835695267 477 146 474 125 486 123 489 144
../dataset/kitti/testing/image_2/000126.png 0.9499386548995972 585 784 588 760 600 762 597 785
../dataset/kitti/testing/image_2/000126.png 0.7472454905509949 606 476 602 452 614 450 618 474
../dataset/kitti/testing/image_2/000126.png 0.7092949748039246 557 935 561 911 573 913 568 937
../dataset/kitti/testing/image_2/000126.png 0.6944430470466614 547 245 544 220 556 219 559 244
../dataset/kitti/testing/image_2/000126.png 0.016523193567991257 644 678 642 654 654 653 656 677
../dataset/kitti/testing/image_2/000126.png 0.010699990205466747 484 148 477 125 488 121 496 144
../dataset/kitti/testing/image_2/000131.png 0.9550607204437256 586 785 589 761 601 762 598 786
../dataset/kitti/testing/image_2/000131.png 0.828407883644104 547 244 545 223 556 222 559 243
../dataset/kitti/testing/image_2/000131.png 0.8180911540985107 607 474 604 450 616 448 619 473
../dataset/kitti/testing/image_2/000131.png 0.8076691031455994 555 933 563 910 574 914 566 937
../dataset/kitti/testing/image_2/000136.png 0.9783957004547119 602 569 603 545 615 545 615 570
../dataset/kitti/testing/image_2/000136.png 0.924315333366394 601 674 602 650 614 650 613 674
../dataset/kitti/testing/image_2/000136.png 0.8644677400588989 601 716 602 692 614 692 613 717
../dataset/kitti/testing/image_2/000136.png 0.8555591106414795 555 487 556 457 568 457 567 487
../dataset/kitti/testing/image_2/000141.png 0.8768292665481567 555 929 564 907 575 911 566 934
../dataset/kitti/testing/image_2/000141.png 0.7013999819755554 553 247 549 227 560 225 564 245
../dataset/kitti/testing/image_2/000141.png 0.6369252800941467 606 474 604 450 616 449 618 473
../dataset/kitti/testing/image_2/000141.png 0.4081018269062042 588 786 591 762 603 763 600 787
../dataset/kitti/testing/image_2/000146.png 0.846943199634552 558 240 555 220 567 218 570 238
../dataset/kitti/testing/image_2/000146.png 0.6979835629463196 588 784 591 760 603 762 600 786
../dataset/kitti/testing/image_2/000146.png 0.6788695454597473 606 470 605 446 617 445 618 470
../dataset/kitti/testing/image_2/000146.png 0.5084683895111084 554 928 563 906 574 910 565 933
../dataset/kitti/testing/image_2/000146.png 0.0128287672996521 495 159 489 142 499 138 505 156
../dataset/kitti/testing/image_2/000151.png 0.964687168598175 590 785 592 761 604 761 602 786
../dataset/kitti/testing/image_2/000151.png 0.9476127028465271 554 926 562 903 573 908 565 930
../dataset/kitti/testing/image_2/000151.png 0.90579754114151 606 470 604 446 617 445 618 469
../dataset/kitti/testing/image_2/000151.png 0.8795346021652222 557 241 553 221 565 218 569 238
../dataset/kitti/testing/image_2/000156.png 0.9659788012504578 552 923 560 900 572 904 564 927
../dataset/kitti/testing/image_2/000156.png 0.9573442935943604 590 784 592 760 604 761 602 785
../dataset/kitti/testing/image_2/000156.png 0.9415717720985413 558 252 555 232 567 230 570 250
../dataset/kitti/testing/image_2/000156.png 0.8504664301872253 608 477 606 453 618 451 620 476
../dataset/kitti/testing/image_2/000156.png 0.07578276842832565 496 154 491 142 499 138 505 150
../dataset/kitti/testing/image_2/000161.png 0.9314178228378296 551 920 559 898 571 902 562 924
../dataset/kitti/testing/image_2/000161.png 0.6473818421363831 560 256 557 230 569 229 572 255
../dataset/kitti/testing/image_2/000161.png 0.5583841800689697 590 783 593 759 605 760 602 784
../dataset/kitti/testing/image_2/000161.png 0.47565165162086487 608 477 604 453 616 451 620 475
../dataset/kitti/testing/image_2/000161.png 0.25232887268066406 503 160 491 145 499 138 512 153
../dataset/kitti/testing/image_2/000161.png 0.010936305858194828 496 145 483 129 493 121 506 137
../dataset/kitti/testing/image_2/000166.png 0.8376094698905945 590 783 593 759 605 760 602 784
../dataset/kitti/testing/image_2/000166.png 0.7276625037193298 608 478 604 453 616 452 620 476
../dataset/kitti/testing/image_2/000166.png 0.6330857872962952 505 162 492 140 503 134 515 156
../dataset/kitti/testing/image_2/000166.png 0.6311066746711731 562 260 558 239 570 237 574 258
../dataset/kitti/testing/image_2/000166.png 0.5213897824287415 550 916 558 894 570 898 561 920
../dataset/kitti/testing/image_2/000166.png 0.01129686925560236 419 138 408 126 416 119 427 131
../dataset/kitti/testing/image_2/000171.png 0.9553555250167847 592 782 593 757 606 758 604 783
../dataset/kitti/testing/image_2/000171.png 0.9395496845245361 549 915 557 892 569 897 560 920
../dataset/kitti/testing/image_2/000171.png 0.8889876008033752 609 477 606 453 618 452 621 476
../dataset/kitti/testing/image_2/000171.png 0.6723491549491882 564 261 558 241 569 237 575 257
../dataset/kitti/testing/image_2/000171.png 0.3661034405231476 502 154 498 141 508 138 512 152
../dataset/kitti/testing/image_2/000176.png 0.9062853455543518 592 780 594 756 606 757 605 781
../dataset/kitti/testing/image_2/000176.png 0.8877143859863281 547 910 555 887 566 891 558 914
../dataset/kitti/testing/image_2/000176.png 0.6787673234939575 509 168 503 144 515 141 521 165
../dataset/kitti/testing/image_2/000176.png 0.5413737893104553 562 263 556 237 567 234 574 260
../dataset/kitti/testing/image_2/000176.png 0.4345133900642395 607 476 604 452 616 450 619 474
../dataset/kitti/testing/image_2/000181.png 0.8709995746612549 591 780 595 756 607 758 603 782
../dataset/kitti/testing/image_2/000181.png 0.8639671802520752 542 908 553 886 564 891 553 913
../dataset/kitti/testing/image_2/000181.png 0.8571163415908813 511 171 506 148 518 145 523 169
../dataset/kitti/testing/image_2/000181.png 0.7699546217918396 563 263 559 238 571 236 575 260
../dataset/kitti/testing/image_2/000181.png 0.6592342257499695 608 476 604 452 616 450 620 474
../dataset/kitti/testing/image_2/000186.png 0.945787250995636 608 475 604 451 616 449 620 473
../dataset/kitti/testing/image_2/000186.png 0.9213208556175232 591 780 594 756 606 757 603 781
../dataset/kitti/testing/image_2/000186.png 0.7204756736755371 539 901 552 881 562 888 549 908
../dataset/kitti/testing/image_2/000186.png 0.6323285698890686 515 181 507 154 518 151 527 177
../dataset/kitti/testing/image_2/000186.png 0.33399325609207153 565 265 558 239 569 235 577 262
../dataset/kitti/testing/image_2/000191.png 0.9727901816368103 603 570 603 545 615 546 615 570
../dataset/kitti/testing/image_2/000191.png 0.9538818001747131 601 674 602 650 614 650 614 675
../dataset/kitti/testing/image_2/000191.png 0.8605354428291321 601 716 602 692 614 692 614 717
../dataset/kitti/testing/image_2/000191.png 0.7469774484634399 555 487 556 457 568 457 567 487
../dataset/kitti/testing/image_2/000196.png 0.9139375686645508 567 265 561 239 572 236 578 262
../dataset/kitti/testing/image_2/000196.png 0.7902303338050842 608 475 603 451 615 448 620 473
../dataset/kitti/testing/image_2/000196.png 0.6303373575210571 531 894 545 874 555 881 541 900
../dataset/kitti/testing/image_2/000196.png 0.6038443446159363 588 778 594 754 606 758 600 781
../dataset/kitti/testing/image_2/000196.png 0.5245031714439392 518 172 510 147 522 143 529 169
../dataset/kitti/testing/image_2/000196.png 0.011268612928688526 423 142 412 131 420 123 431 135
../dataset/kitti/testing/image_2/000201.png 0.8124412894248962 526 887 542 869 551 877 535 895
../dataset/kitti/testing/image_2/000201.png 0.7677193880081177 608 475 604 451 616 449 620 473
../dataset/kitti/testing/image_2/000201.png 0.7580404877662659 586 776 592 753 603 755 598 779
../dataset/kitti/testing/image_2/000201.png 0.7548554539680481 567 268 560 240 572 237 579 265
../dataset/kitti/testing/image_2/000201.png 0.6180697083473206 518 173 511 148 522 144 530 169
../dataset/kitti/testing/image_2/000206.png 0.9800227880477905 585 776 590 752 602 755 596 779
../dataset/kitti/testing/image_2/000206.png 0.9496033787727356 521 881 539 864 547 873 530 890
../dataset/kitti/testing/image_2/000206.png 0.886400580406189 520 175 510 150 522 146 531 171
../dataset/kitti/testing/image_2/000206.png 0.8248233199119568 608 474 604 450 616 448 620 472
../dataset/kitti/testing/image_2/000206.png 0.6447013020515442 567 265 559 238 570 234 579 262
../dataset/kitti/testing/image_2/000211.png 0.9702612161636353 608 475 604 451 616 449 620 473
../dataset/kitti/testing/image_2/000211.png 0.8352267146110535 517 875 534 858 542 867 525 884
../dataset/kitti/testing/image_2/000211.png 0.7284106016159058 567 266 558 239 569 235 578 262
../dataset/kitti/testing/image_2/000211.png 0.6528511047363281 518 179 508 154 519 149 530 174
../dataset/kitti/testing/image_2/000211.png 0.5905677676200867 582 774 589 751 601 754 594 777
../dataset/kitti/testing/image_2/000211.png 0.02187943644821644 769 203 793 208 791 221 766 215
../dataset/kitti/testing/image_2/000211.png 0.01151237078011036 646 670 647 646 659 646 659 670
../dataset/kitti/testing/image_2/000216.png 0.9634128212928772 609 474 606 450 618 449 621 473
../dataset/kitti/testing/image_2/000216.png 0.955966591835022 514 870 531 852 540 861 523 878
../dataset/kitti/testing/image_2/000216.png 0.9251750111579895 580 771 590 749 601 754 591 776
../dataset/kitti/testing/image_2/000216.png 0.7435337901115417 565 264 557 240 569 236 576 261
../dataset/kitti/testing/image_2/000216.png 0.5638300180435181 517 178 508 155 520 151 528 174
../dataset/kitti/testing/image_2/000221.png 0.826088547706604 608 476 603 452 615 450 620 474
../dataset/kitti/testing/image_2/000221.png 0.7720802426338196 578 769 588 747 599 752 589 774
../dataset/kitti/testing/image_2/000221.png 0.7024778127670288 508 863 527 847 535 857 516 872
../dataset/kitti/testing/image_2/000221.png 0.5698899030685425 511 180 503 154 515 150 523 177
../dataset/kitti/testing/image_2/000221.png 0.5328660607337952 562 266 553 238 564 234 573 263
../dataset/kitti/testing/image_2/000226.png 0.9514079093933105 608 476 603 451 615 449 620 473
../dataset/kitti/testing/image_2/000226.png 0.691389262676239 510 181 503 155 515 152 522 178
../dataset/kitti/testing/image_2/000226.png 0.6718413233757019 578 769 587 747 598 751 589 774
../dataset/kitti/testing/image_2/000226.png 0.5839911103248596 561 268 553 242 565 238 573 264
../dataset/kitti/testing/image_2/000226.png 0.5596643686294556 505 857 525 843 532 853 512 867
../dataset/kitti/testing/image_2/000235.png 0.9300085306167603 497 843 518 831 524 841 503 853
../dataset/kitti/testing/image_2/000235.png 0.8609654903411865 559 272 548 245 559 240 570 267
../dataset/kitti/testing/image_2/000235.png 0.6723194122314453 574 767 583 744 594 749 585 771
../dataset/kitti/testing/image_2/000235.png 0.5500222444534302 505 187 496 162 508 158 517 183
../dataset/kitti/testing/image_2/000235.png 0.45678848028182983 608 477 603 453 615 451 620 475
../dataset/kitti/testing/image_2/000240.png 0.8907954096794128 501 186 493 164 504 160 513 182
../dataset/kitti/testing/image_2/000240.png 0.736719012260437 570 764 581 742 592 748 580 770
../dataset/kitti/testing/image_2/000240.png 0.622011661529541 607 477 603 453 615 451 619 475
../dataset/kitti/testing/image_2/000240.png 0.6121966242790222 493 836 515 825 520 836 498 847
../dataset/kitti/testing/image_2/000240.png 0.41632160544395447 557 270 551 246 562 243 569 267
../dataset/kitti/testing/image_2/000245.png 0.9271571040153503 567 761 578 740 589 746 577 767
../dataset/kitti/testing/image_2/000245.png 0.9116507172584534 497 184 486 159 498 154 508 179
../dataset/kitti/testing/image_2/000245.png 0.6996389627456665 554 271 547 248 559 244 566 267
../dataset/kitti/testing/image_2/000245.png 0.5654563903808594 487 828 509 817 514 828 492 838
../dataset/kitti/testing/image_2/000245.png 0.4554133415222168 608 477 603 453 615 451 620 475
../dataset/kitti/testing/image_2/000250.png 0.9326579570770264 609 479 603 455 615 453 621 476
../dataset/kitti/testing/image_2/000250.png 0.8234991431236267 481 819 504 810 508 821 486 831
../dataset/kitti/testing/image_2/000250.png 0.7932521104812622 552 271 547 248 559 245 564 268
../dataset/kitti/testing/image_2/000250.png 0.6895159482955933 562 758 575 738 585 744 572 764
../dataset/kitti/testing/image_2/000250.png 0.6175629496574402 499 191 487 166 498 161 510 186
../dataset/kitti/testing/image_2/000250.png 0.026427047327160835 435 770 445 758 454 765 443 777
../dataset/kitti/testing/image_2/000255.png 0.8623203039169312 558 756 572 736 582 743 568 763
../dataset/kitti/testing/image_2/000255.png 0.854744017124176 476 811 499 803 503 815 480 822
../dataset/kitti/testing/image_2/000255.png 0.5618178248405457 548 272 543 251 554 248 560 269
../dataset/kitti/testing/image_2/000255.png 0.5512572526931763 608 478 603 454 615 452 620 476
../dataset/kitti/testing/image_2/000255.png 0.476654589176178 489 188 483 170 495 166 501 185
../dataset/kitti/testing/image_2/000260.png 0.8660447597503662 472 804 495 797 499 809 475 815
../dataset/kitti/testing/image_2/000260.png 0.7775999903678894 608 481 603 457 615 455 620 478
../dataset/kitti/testing/image_2/000260.png 0.63744056224823 555 754 569 735 579 742 564 761
../dataset/kitti/testing/image_2/000260.png 0.5463361144065857 545 274 540 252 551 249 557 271
../dataset/kitti/testing/image_2/000260.png 0.5260967016220093 486 195 479 173 490 169 498 191
../dataset/kitti/testing/image_2/000265.png 0.861885666847229 608 483 602 459 614 456 620 480
../dataset/kitti/testing/image_2/000265.png 0.8454955816268921 468 798 491 792 494 804 471 810
../dataset/kitti/testing/image_2/000265.png 0.7936760187149048 540 278 533 256 544 252 551 274
../dataset/kitti/testing/image_2/000265.png 0.7682559490203857 478 199 468 179 479 174 489 194
../dataset/kitti/testing/image_2/000265.png 0.5820677280426025 552 752 568 733 577 741 561 760
../dataset/kitti/testing/image_2/000270.png 0.9375715255737305 607 483 601 459 613 456 618 480
../dataset/kitti/testing/image_2/000270.png 0.8750196695327759 464 796 487 789 490 801 467 807
../dataset/kitti/testing/image_2/000270.png 0.7064933776855469 537 281 526 257 537 252 548 276
../dataset/kitti/testing/image_2/000270.png 0.5905839800834656 547 752 563 733 572 741 557 760
../dataset/kitti/testing/image_2/000270.png 0.5585418939590454 471 204 461 185 471 180 481 198
../dataset/kitti/testing/image_2/000275.png 0.9546012282371521 544 750 561 733 569 741 553 759
../dataset/kitti/testing/image_2/000275.png 0.8892947435379028 459 791 482 784 485 795 462 803
../dataset/kitti/testing/image_2/000275.png 0.799793541431427 529 283 521 261 533 257 540 280
../dataset/kitti/testing/image_2/000275.png 0.7061325907707214 605 482 599 458 611 455 617 479
../dataset/kitti/testing/image_2/000275.png 0.5683390498161316 460 209 452 190 463 185 471 204
../dataset/kitti/testing/image_2/000275.png 0.024881239980459213 502 881 513 860 524 865 513 887
../dataset/kitti/testing/image_2/000280.png 0.9857109189033508 603 570 603 545 615 546 615 570
../dataset/kitti/testing/image_2/000280.png 0.9340735077857971 602 717 602 693 614 693 614 717
../dataset/kitti/testing/image_2/000280.png 0.8930022716522217 555 486 556 456 568 457 567 486
../dataset/kitti/testing/image_2/000280.png 0.6535369157791138 601 675 602 650 614 651 613 675
../dataset/kitti/testing/image_2/000285.png 0.9560586810112 536 746 553 729 562 738 544 755
../dataset/kitti/testing/image_2/000285.png 0.9176285862922668 603 483 596 460 607 456 615 479
../dataset/kitti/testing/image_2/000285.png 0.7876067161560059 452 777 475 773 478 784 454 789
../dataset/kitti/testing/image_2/000285.png 0.6901929378509521 520 291 510 271 521 266 531 286
../dataset/kitti/testing/image_2/000285.png 0.5539677143096924 442 219 432 200 443 195 453 214
../dataset/kitti/testing/image_2/000285.png 0.11605127900838852 487 884 498 863 509 869 497 890
../dataset/kitti/testing/image_2/000290.png 0.7709740400314331 533 743 551 728 559 737 541 752
../dataset/kitti/testing/image_2/000290.png 0.725287139415741 429 227 419 208 430 202 440 221
../dataset/kitti/testing/image_2/000290.png 0.6785537004470825 511 295 502 276 513 271 522 290
../dataset/kitti/testing/image_2/000290.png 0.6342061161994934 602 483 594 460 605 456 614 479
../dataset/kitti/testing/image_2/000290.png 0.5601549744606018 449 769 474 769 474 781 450 781
../dataset/kitti/testing/image_2/000290.png 0.011990290135145187 412 833 434 827 437 838 415 844
../dataset/kitti/testing/image_2/000297.png 0.9690796136856079 531 740 550 725 558 734 539 749
../dataset/kitti/testing/image_2/000297.png 0.9593597650527954 449 765 473 762 474 774 450 777
../dataset/kitti/testing/image_2/000297.png 0.937555193901062 597 483 588 461 599 456 608 479
../dataset/kitti/testing/image_2/000297.png 0.7443112134933472 411 238 401 220 412 214 421 233
../dataset/kitti/testing/image_2/000297.png 0.7383408546447754 498 302 487 285 496 278 508 295
../dataset/kitti/testing/image_2/000302.png 0.9845576286315918 603 569 603 545 616 545 615 570
../dataset/kitti/testing/image_2/000302.png 0.9473891258239746 601 674 602 650 614 650 614 674
../dataset/kitti/testing/image_2/000302.png 0.6686711311340332 601 716 602 692 614 693 613 717
../dataset/kitti/testing/image_2/000302.png 0.5131102800369263 555 486 557 456 569 457 567 487
../dataset/kitti/testing/image_2/000307.png 0.9859212040901184 528 740 547 725 554 734 535 749
../dataset/kitti/testing/image_2/000307.png 0.9367237091064453 445 761 469 759 470 771 445 773
../dataset/kitti/testing/image_2/000307.png 0.8745149374008179 590 484 580 462 591 457 601 480
../dataset/kitti/testing/image_2/000307.png 0.8546552658081055 480 314 466 296 475 288 489 307
../dataset/kitti/testing/image_2/000307.png 0.8077458143234253 389 265 375 251 384 243 397 257
../dataset/kitti/testing/image_2/000312.png 0.8565309643745422 586 486 576 464 587 458 597 481
../dataset/kitti/testing/image_2/000312.png 0.6364275217056274 470 324 457 308 466 301 479 317
../dataset/kitti/testing/image_2/000312.png 0.6261589527130127 526 739 545 724 552 733 534 748
../dataset/kitti/testing/image_2/000312.png 0.5439432263374329 375 280 361 265 369 257 384 272
../dataset/kitti/testing/image_2/000312.png 0.3611452281475067 443 758 468 756 468 768 444 770
../dataset/kitti/testing/image_2/000317.png 0.9237797260284424 445 756 469 755 469 767 445 768
../dataset/kitti/testing/image_2/000317.png 0.9228410124778748 525 738 545 724 552 734 532 748
../dataset/kitti/testing/image_2/000317.png 0.857856035232544 583 487 571 466 582 460 594 481
../dataset/kitti/testing/image_2/000317.png 0.7374387383460999 460 331 444 316 452 307 469 322
../dataset/kitti/testing/image_2/000317.png 0.699569582939148 365 292 350 278 358 270 373 284
../dataset/kitti/testing/image_2/000322.png 0.9495937824249268 446 755 470 756 469 768 445 767
../dataset/kitti/testing/image_2/000322.png 0.9455804228782654 453 342 437 327 444 318 461 334
../dataset/kitti/testing/image_2/000322.png 0.6978320479393005 353 310 336 298 342 288 360 300
../dataset/kitti/testing/image_2/000322.png 0.59687739610672 579 489 567 467 577 461 590 483
../dataset/kitti/testing/image_2/000322.png 0.5730599761009216 526 738 545 723 553 733 534 748
../dataset/kitti/testing/image_2/000327.png 0.8804369568824768 526 738 546 724 553 734 533 748
../dataset/kitti/testing/image_2/000327.png 0.860441267490387 445 754 469 756 468 768 444 766
../dataset/kitti/testing/image_2/000327.png 0.7450963258743286 446 349 428 335 435 325 453 340
../dataset/kitti/testing/image_2/000327.png 0.7243452668190002 577 490 564 470 575 463 588 484
../dataset/kitti/testing/image_2/000327.png 0.6692887544631958 345 323 329 311 336 302 352 314
../dataset/kitti/testing/image_2/000332.png 0.973202109336853 574 491 561 471 571 464 585 484
../dataset/kitti/testing/image_2/000332.png 0.9657103419303894 525 739 545 724 552 734 532 749
../dataset/kitti/testing/image_2/000332.png 0.9121547937393188 445 756 470 755 471 767 446 768
../dataset/kitti/testing/image_2/000332.png 0.70270836353302 336 341 319 330 326 320 343 332
../dataset/kitti/testing/image_2/000332.png 0.6837403774261475 441 360 421 345 428 335 448 351
../dataset/kitti/testing/image_2/000332.png 0.024796107783913612 533 305 523 286 534 281 543 300
../dataset/kitti/testing/image_2/000337.png 0.9505658745765686 444 756 469 755 469 767 445 768
../dataset/kitti/testing/image_2/000337.png 0.9187564849853516 573 492 559 472 568 465 583 485
../dataset/kitti/testing/image_2/000337.png 0.9062486290931702 525 738 545 724 552 734 532 748
../dataset/kitti/testing/image_2/000337.png 0.8449240326881409 334 351 318 342 323 332 339 341
../dataset/kitti/testing/image_2/000337.png 0.839863657951355 438 365 416 352 422 342 444 354
../dataset/kitti/testing/image_2/000342.png 0.9549610614776611 445 755 469 755 469 767 445 767
../dataset/kitti/testing/image_2/000342.png 0.9472618699073792 569 493 555 473 564 466 579 485
../dataset/kitti/testing/image_2/000342.png 0.8835124373435974 525 739 544 725 551 734 532 749
../dataset/kitti/testing/image_2/000342.png 0.688059389591217 433 373 409 361 415 350 439 362
../dataset/kitti/testing/image_2/000342.png 0.6761824488639832 328 366 307 357 313 346 333 355
../dataset/kitti/testing/image_2/000347.png 0.9092603921890259 602 569 603 545 615 545 614 570
../dataset/kitti/testing/image_2/000347.png 0.8507564067840576 601 716 602 692 614 692 613 717
../dataset/kitti/testing/image_2/000347.png 0.8246917128562927 555 487 556 457 568 457 567 487
../dataset/kitti/testing/image_2/000347.png 0.7595660090446472 601 674 601 649 614 650 613 674
../dataset/kitti/testing/image_2/000352.png 0.979159951210022 524 740 543 725 551 735 531 750
../dataset/kitti/testing/image_2/000352.png 0.8250710368156433 567 494 553 474 563 467 577 487
../dataset/kitti/testing/image_2/000352.png 0.7134599685668945 432 386 407 378 411 367 436 375
../dataset/kitti/testing/image_2/000352.png 0.5416440367698669 328 390 312 388 314 376 330 379
../dataset/kitti/testing/image_2/000352.png 0.36216339468955994 443 757 467 756 468 768 443 770
../dataset/kitti/testing/image_2/000357.png 0.981571614742279 523 741 542 725 550 735 531 750
../dataset/kitti/testing/image_2/000357.png 0.8229865431785583 567 496 552 477 561 469 576 488
../dataset/kitti/testing/image_2/000357.png 0.6820796728134155 433 393 406 386 409 375 436 382
../dataset/kitti/testing/image_2/000357.png 0.5627918839454651 442 760 466 756 468 768 444 772
../dataset/kitti/testing/image_2/000357.png 0.08306799083948135 326 402 311 399 313 389 328 392
../dataset/kitti/testing/image_2/000362.png 0.947404682636261 523 740 543 726 550 735 531 750
../dataset/kitti/testing/image_2/000362.png 0.9284932613372803 567 496 552 477 561 470 576 489
../dataset/kitti/testing/image_2/000362.png 0.8454501628875732 443 759 467 756 469 768 445 771
../dataset/kitti/testing/image_2/000362.png 0.6569378972053528 432 397 407 390 410 379 435 385
../dataset/kitti/testing/image_2/000362.png 0.5604181289672852 326 415 305 410 307 398 329 403
../dataset/kitti/testing/image_2/000362.png 0.020285045728087425 536 1125 517 1118 522 1107 540 1114
../dataset/kitti/testing/image_2/000367.png 0.9532234072685242 523 741 542 726 549 736 530 750
../dataset/kitti/testing/image_2/000367.png 0.9078050255775452 431 401 404 396 406 384 434 390
../dataset/kitti/testing/image_2/000367.png 0.7420415878295898 442 760 466 757 468 769 444 772
../dataset/kitti/testing/image_2/000367.png 0.7056287527084351 328 426 310 421 313 410 331 415
../dataset/kitti/testing/image_2/000367.png 0.6580679416656494 566 496 550 478 559 470 575 488
../dataset/kitti/testing/image_2/000372.png 0.9638683795928955 437 763 461 759 463 771 439 775
../dataset/kitti/testing/image_2/000372.png 0.881981611251831 330 432 313 429 315 418 332 421
../dataset/kitti/testing/image_2/000372.png 0.8353749513626099 566 498 550 479 559 471 575 490
../dataset/kitti/testing/image_2/000372.png 0.7877004146575928 431 404 404 400 406 388 433 392
../dataset/kitti/testing/image_2/000372.png 0.7204264998435974 520 741 540 727 547 737 527 751
../dataset/kitti/testing/image_2/000377.png 0.9275498986244202 437 767 461 762 464 773 440 779
../dataset/kitti/testing/image_2/000377.png 0.8854717016220093 519 742 538 728 546 737 526 752
../dataset/kitti/testing/image_2/000377.png 0.8807706832885742 566 498 548 481 557 472 574 489
../dataset/kitti/testing/image_2/000377.png 0.7731345891952515 431 408 403 404 405 392 433 396
../dataset/kitti/testing/image_2/000377.png 0.6037026047706604 333 443 306 439 308 427 335 431
../dataset/kitti/testing/image_2/000377.png 0.010270497761666775 589 412 593 388 605 390 601 414
../dataset/kitti/testing/image_2/000382.png 0.9157381057739258 519 742 539 728 546 738 526 752
../dataset/kitti/testing/image_2/000382.png 0.846981942653656 565 499 547 483 555 474 573 490
../dataset/kitti/testing/image_2/000382.png 0.6806864142417908 438 767 462 763 464 775 440 779
../dataset/kitti/testing/image_2/000382.png 0.6399255990982056 341 449 312 450 312 438 340 437
../dataset/kitti/testing/image_2/000382.png 0.6071757674217224 433 412 406 409 407 397 434 400
../dataset/kitti/testing/image_2/000387.png 0.9677863121032715 519 743 538 729 545 739 526 753
../dataset/kitti/testing/image_2/000387.png 0.8443372845649719 430 415 403 413 404 402 431 404
../dataset/kitti/testing/image_2/000387.png 0.6959215998649597 437 773 460 766 464 777 441 785
../dataset/kitti/testing/image_2/000387.png 0.5949862599372864 335 459 320 459 321 447 336 448
../dataset/kitti/testing/image_2/000387.png 0.5909600257873535 564 500 547 483 556 474 573 492
../dataset/kitti/testing/image_2/000392.png 0.9670491814613342 519 745 538 730 546 740 526 754
../dataset/kitti/testing/image_2/000392.png 0.8289666771888733 564 501 546 484 554 475 572 492
../dataset/kitti/testing/image_2/000392.png 0.7970176935195923 429 417 402 416 403 404 430 405
../dataset/kitti/testing/image_2/000392.png 0.5438206791877747 438 779 460 770 465 781 442 790
../dataset/kitti/testing/image_2/000392.png 0.4673822224140167 337 465 322 465 322 454 337 454
../dataset/kitti/testing/image_2/000392.png 0.016314266249537468 73 653 54 641 61 630 80 643
../dataset/kitti/testing/image_2/000397.png 0.939716637134552 427 420 401 421 400 409 427 409
../dataset/kitti/testing/image_2/000397.png 0.9224669337272644 563 501 545 485 554 476 571 492
../dataset/kitti/testing/image_2/000397.png 0.8600086569786072 440 787 461 775 467 786 446 797
../dataset/kitti/testing/image_2/000397.png 0.7063820362091064 521 747 539 731 547 740 529 756
../dataset/kitti/testing/image_2/000397.png 0.5900137424468994 339 473 319 476 317 465 337 462
../dataset/kitti/testing/image_2/000402.png 0.9895965456962585 603 570 603 545 616 546 615 570
../dataset/kitti/testing/image_2/000402.png 0.8554457426071167 601 674 602 650 614 650 613 675
../dataset/kitti/testing/image_2/000402.png 0.8539149761199951 600 715 602 691 614 692 612 716
../dataset/kitti/testing/image_2/000402.png 0.6793838143348694 555 487 556 457 568 457 567 487
../dataset/kitti/testing/image_2/000407.png 0.9082961082458496 524 751 542 734 550 743 533 760
../dataset/kitti/testing/image_2/000407.png 0.8964195251464844 425 426 397 429 396 417 424 414
../dataset/kitti/testing/image_2/000407.png 0.6991513967514038 447 801 466 786 473 796 454 811
../dataset/kitti/testing/image_2/000407.png 0.6364729404449463 562 504 544 488 552 479 570 495
../dataset/kitti/testing/image_2/000407.png 0.27582505345344543 346 482 326 488 322 477 342 471
../dataset/kitti/testing/image_2/000412.png 0.9211487770080566 561 503 543 487 551 478 569 494
../dataset/kitti/testing/image_2/000412.png 0.9135176539421082 452 808 471 794 478 803 459 818
../dataset/kitti/testing/image_2/000412.png 0.7730737924575806 527 752 544 735 553 743 536 761
../dataset/kitti/testing/image_2/000412.png 0.6389468312263489 424 429 398 431 397 419 423 417
../dataset/kitti/testing/image_2/000412.png 0.41739022731781006 346 485 330 493 325 483 342 475
../dataset/kitti/testing/image_2/000417.png 0.9379931688308716 423 430 394 433 393 421 422 418
../dataset/kitti/testing/image_2/000417.png 0.8669857382774353 562 504 544 488 552 478 570 495
../dataset/kitti/testing/image_2/000417.png 0.8639283776283264 530 754 547 736 556 744 539 762
../dataset/kitti/testing/image_2/000417.png 0.7041840553283691 457 815 475 799 483 808 465 824
../dataset/kitti/testing/image_2/000417.png 0.552634060382843 350 487 335 496 330 486 345 477
../dataset/kitti/testing/image_2/000422.png 0.9214646816253662 464 824 480 806 489 814 473 832
../dataset/kitti/testing/image_2/000422.png 0.8686051368713379 533 755 549 737 558 745 542 763
../dataset/kitti/testing/image_2/000422.png 0.8054664731025696 423 432 397 434 395 422 422 420
../dataset/kitti/testing/image_2/000422.png 0.6172494888305664 563 504 545 489 552 479 571 495
../dataset/kitti/testing/image_2/000422.png 0.2716100811958313 349 493 337 501 332 494 344 486
../dataset/kitti/testing/image_2/000427.png 0.8906765580177307 423 432 396 436 394 424 421 420
../dataset/kitti/testing/image_2/000427.png 0.8404930233955383 536 756 552 738 561 746 545 764
../dataset/kitti/testing/image_2/000427.png 0.8358070850372314 469 828 486 811 495 820 478 837
../dataset/kitti/testing/image_2/000427.png 0.6742716431617737 564 503 545 488 553 478 572 494
../dataset/kitti/testing/image_2/000427.png 0.21861985325813293 359 484 347 492 342 485 353 476
../dataset/kitti/testing/image_2/000432.png 0.7758540511131287 475 834 493 817 501 826 483 843
../dataset/kitti/testing/image_2/000432.png 0.7407541275024414 424 431 397 437 395 425 421 420
../dataset/kitti/testing/image_2/000432.png 0.6516396999359131 539 757 554 738 563 745 548 764
../dataset/kitti/testing/image_2/000432.png 0.6415567994117737 565 502 546 487 554 478 573 493
../dataset/kitti/testing/image_2/000432.png 0.42208510637283325 360 486 342 499 335 489 353 476
../dataset/kitti/testing/image_2/000432.png 0.06393010169267654 490 885 501 864 512 869 501 891
../dataset/kitti/testing/image_2/000437.png 0.9035640954971313 360 488 343 499 337 489 354 478
../dataset/kitti/testing/image_2/000437.png 0.8989084362983704 424 433 398 436 396 424 422 421
../dataset/kitti/testing/image_2/000437.png 0.7681177258491516 567 502 548 486 556 477 574 492
../dataset/kitti/testing/image_2/000437.png 0.5889832973480225 542 757 557 738 567 745 552 764
../dataset/kitti/testing/image_2/000437.png 0.5771223902702332 483 842 498 823 507 830 492 849
../dataset/kitti/testing/image_2/000437.png 0.0670391321182251 490 900 502 880 512 886 500 906
../dataset/kitti/testing/image_2/000437.png 0.04758094251155853 490 889 502 868 512 874 500 895
../dataset/kitti/testing/image_2/000442.png 0.8642259836196899 566 501 548 484 557 475 575 492
../dataset/kitti/testing/image_2/000442.png 0.827055811882019 494 848 508 828 518 836 504 855
../dataset/kitti/testing/image_2/000442.png 0.7789924740791321 547 759 560 739 571 745 558 766
../dataset/kitti/testing/image_2/000442.png 0.7613834142684937 365 484 344 498 337 488 358 474
../dataset/kitti/testing/image_2/000442.png 0.6285485029220581 423 431 398 435 396 423 421 419
../dataset/kitti/testing/image_2/000447.png 0.9409266710281372 600 716 602 692 614 693 612 717
../dataset/kitti/testing/image_2/000447.png 0.9377518892288208 602 568 603 544 615 544 614 569
../dataset/kitti/testing/image_2/000447.png 0.8778921365737915 601 673 602 649 614 649 613 674
../dataset/kitti/testing/image_2/000447.png 0.782524824142456 556 487 556 457 568 457 567 488
../dataset/kitti/testing/image_2/000452.png 0.8874168992042542 425 429 399 434 396 423 422 417
../dataset/kitti/testing/image_2/000452.png 0.8710097670555115 515 860 526 838 536 844 526 865
../dataset/kitti/testing/image_2/000452.png 0.8564239144325256 365 478 348 491 341 482 358 468
../dataset/kitti/testing/image_2/000452.png 0.6009266376495361 568 500 550 484 558 475 576 491
../dataset/kitti/testing/image_2/000452.png 0.5729019641876221 557 761 568 739 579 744 568 766
../dataset/kitti/testing/image_2/000452.png 0.0762232169508934 456 881 473 865 481 873 464 889
../dataset/kitti/testing/image_2/000457.png 0.9039026498794556 570 499 552 483 560 474 578 490
../dataset/kitti/testing/image_2/000457.png 0.9028423428535461 563 763 570 739 581 742 575 766
../dataset/kitti/testing/image_2/000457.png 0.7919885516166687 527 865 534 842 545 845 539 868
../dataset/kitti/testing/image_2/000457.png 0.7744395136833191 428 426 402 430 400 419 426 415
../dataset/kitti/testing/image_2/000457.png 0.7272129058837891 369 472 351 484 344 475 362 462
../dataset/kitti/testing/image_2/000457.png 0.12922844290733337 974 586 984 562 995 567 985 591
../dataset/kitti/testing/image_2/000462.png 0.9709855318069458 531 865 542 844 553 849 542 871
../dataset/kitti/testing/image_2/000462.png 0.8352031707763672 572 498 554 482 562 473 580 489
../dataset/kitti/testing/image_2/000462.png 0.7673958539962769 430 423 404 425 403 414 429 411
../dataset/kitti/testing/image_2/000462.png 0.6713141202926636 566 761 574 738 585 741 577 765
../dataset/kitti/testing/image_2/000462.png 0.555515468120575 368 465 352 478 345 469 360 456
../dataset/kitti/testing/image_2/000462.png 0.23977376520633698 485 883 499 864 509 872 494 891
../dataset/kitti/testing/image_2/000462.png 0.15021568536758423 485 876 499 857 509 864 495 883
../dataset/kitti/testing/image_2/000467.png 0.8996602892875671 575 493 557 477 565 468 583 484
../dataset/kitti/testing/image_2/000467.png 0.7588714361190796 572 761 577 737 589 740 583 763
../dataset/kitti/testing/image_2/000467.png 0.6754183173179626 369 459 355 470 348 460 362 450
../dataset/kitti/testing/image_2/000467.png 0.6698482632637024 545 871 551 847 563 850 557 873
../dataset/kitti/testing/image_2/000467.png 0.6567423343658447 433 417 407 421 405 409 431 405
../dataset/kitti/testing/image_2/000467.png 0.04221072420477867 495 882 505 860 515 865 505 887
../dataset/kitti/testing/image_2/000467.png 0.017033353447914124 599 548 597 526 609 525 611 547
../dataset/kitti/testing/image_2/000472.png 0.9128482341766357 554 873 559 849 571 852 566 876
../dataset/kitti/testing/image_2/000472.png 0.8104498386383057 437 413 410 417 408 405 436 401
../dataset/kitti/testing/image_2/000472.png 0.8046942949295044 367 453 353 462 347 452 361 443
../dataset/kitti/testing/image_2/000472.png 0.6439144015312195 575 758 581 734 593 737 587 760
../dataset/kitti/testing/image_2/000472.png 0.6089117527008057 576 492 560 474 569 466 585 484
../dataset/kitti/testing/image_2/000477.png 0.8135786056518555 442 406 415 407 414 395 442 394
../dataset/kitti/testing/image_2/000477.png 0.771065354347229 580 490 564 472 573 464 589 482
../dataset/kitti/testing/image_2/000477.png 0.7656975984573364 567 876 567 852 580 852 579 877
../dataset/kitti/testing/image_2/000477.png 0.724378228187561 581 759 584 735 596 737 593 761
../dataset/kitti/testing/image_2/000477.png 0.704129695892334 378 440 358 452 352 441 372 430
../dataset/kitti/testing/image_2/000482.png 0.92594313621521 381 431 361 441 356 430 376 421
../dataset/kitti/testing/image_2/000482.png 0.8107836246490479 583 758 585 734 597 735 595 760
../dataset/kitti/testing/image_2/000482.png 0.7681593298912048 447 401 421 403 420 391 446 390
../dataset/kitti/testing/image_2/000482.png 0.6533615589141846 573 876 573 852 585 852 585 876
../dataset/kitti/testing/image_2/000482.png 0.5763964056968689 582 488 567 468 576 461 591 480
../dataset/kitti/testing/image_2/000487.png 0.8253440856933594 582 878 582 853 594 853 595 877
../dataset/kitti/testing/image_2/000487.png 0.8047984838485718 586 756 588 732 600 732 599 757
../dataset/kitti/testing/image_2/000487.png 0.7881373167037964 586 486 570 467 580 459 595 478
../dataset/kitti/testing/image_2/000487.png 0.781190812587738 383 423 365 431 360 421 379 412
../dataset/kitti/testing/image_2/000487.png 0.6448293924331665 452 394 425 395 424 383 452 382
../dataset/kitti/testing/image_2/000493.png 0.8479222059249878 589 485 574 464 584 457 598 478
../dataset/kitti/testing/image_2/000493.png 0.8007650375366211 392 409 369 419 364 408 388 399
../dataset/kitti/testing/image_2/000493.png 0.7253336310386658 590 756 591 732 603 732 602 757
../dataset/kitti/testing/image_2/000493.png 0.6176325082778931 590 877 591 852 603 853 602 877
../dataset/kitti/testing/image_2/000493.png 0.6004341244697571 459 386 432 386 432 374 459 374
../dataset/kitti/testing/image_2/000498.png 0.81239914894104 399 395 377 405 372 394 394 384
../dataset/kitti/testing/image_2/000498.png 0.8072062134742737 467 380 441 379 441 367 467 368
../dataset/kitti/testing/image_2/000498.png 0.62716144323349 591 755 595 731 607 733 603 757
../dataset/kitti/testing/image_2/000498.png 0.5991160869598389 591 486 578 464 589 458 601 480
../dataset/kitti/testing/image_2/000498.png 0.5697126984596252 598 876 598 852 611 852 610 877
../dataset/kitti/testing/image_2/000498.png 0.05574728548526764 601 885 603 860 615 861 613 886
../dataset/kitti/testing/image_2/000498.png 0.05293247476220131 606 893 608 869 620 870 618 894
../dataset/kitti/testing/image_2/000503.png 0.8509713411331177 594 755 595 730 607 731 607 755
../dataset/kitti/testing/image_2/000503.png 0.823860228061676 406 384 383 393 378 382 401 373
../dataset/kitti/testing/image_2/000503.png 0.6749093532562256 593 486 582 464 593 459 604 481
../dataset/kitti/testing/image_2/000503.png 0.6700774431228638 472 374 445 370 447 358 473 362
../dataset/kitti/testing/image_2/000503.png 0.6224250793457031 605 876 605 852 617 852 617 876
../dataset/kitti/testing/image_2/000508.png 0.9679056406021118 596 754 597 730 609 731 608 755
../dataset/kitti/testing/image_2/000508.png 0.786217987537384 611 878 610 854 622 853 623 877
../dataset/kitti/testing/image_2/000508.png 0.7740123867988586 482 364 457 360 458 349 484 352
../dataset/kitti/testing/image_2/000508.png 0.7396302223205566 597 486 588 463 599 458 608 481
../dataset/kitti/testing/image_2/000508.png 0.59477698802948 413 371 390 377 387 365 410 360
../dataset/kitti/testing/image_2/000513.png 0.9420801997184753 602 570 603 545 615 545 614 570
../dataset/kitti/testing/image_2/000513.png 0.924972414970398 555 487 556 457 568 457 567 488
../dataset/kitti/testing/image_2/000513.png 0.8341822028160095 600 716 602 692 614 693 612 718
../dataset/kitti/testing/image_2/000513.png 0.49750271439552307 601 675 602 651 614 651 614 675
../dataset/kitti/testing/image_2/000518.png 0.824950635433197 597 752 598 728 610 728 610 752
../dataset/kitti/testing/image_2/000518.png 0.7859712839126587 501 349 475 343 478 331 504 337
../dataset/kitti/testing/image_2/000518.png 0.7461395859718323 430 342 407 352 402 340 426 331
../dataset/kitti/testing/image_2/000518.png 0.6362882256507874 600 487 594 463 606 460 612 484
../dataset/kitti/testing/image_2/000518.png 0.5409054160118103 624 877 618 854 630 850 636 874
../dataset/kitti/testing/image_2/000523.png 0.8633289933204651 599 752 598 727 611 727 611 751
../dataset/kitti/testing/image_2/000523.png 0.8389080166816711 635 876 620 856 630 849 645 868
../dataset/kitti/testing/image_2/000523.png 0.7724409699440002 602 486 597 462 609 460 614 484
../dataset/kitti/testing/image_2/000523.png 0.6878933906555176 441 330 418 336 415 324 438 318
../dataset/kitti/testing/image_2/000523.png 0.6222611665725708 512 342 488 334 492 322 516 330
../dataset/kitti/testing/image_2/000523.png 0.017820239067077637 586 332 576 315 585 309 595 326
../dataset/kitti/testing/image_2/000528.png 0.9313972592353821 599 751 599 726 611 727 611 751
../dataset/kitti/testing/image_2/000528.png 0.8747265934944153 603 487 602 463 614 463 615 487
../dataset/kitti/testing/image_2/000528.png 0.8055843710899353 640 875 625 855 635 848 649 868
../dataset/kitti/testing/image_2/000528.png 0.5782251358032227 520 336 495 323 501 312 526 326
../dataset/kitti/testing/image_2/000528.png 0.5290890336036682 449 321 423 321 423 309 449 309
../dataset/kitti/testing/image_2/000533.png 0.9310048818588257 605 488 603 463 616 463 617 487
../dataset/kitti/testing/image_2/000533.png 0.8884884119033813 599 749 598 725 610 725 611 749
../dataset/kitti/testing/image_2/000533.png 0.8004536032676697 462 307 436 309 435 297 462 295
../dataset/kitti/testing/image_2/000533.png 0.7402604818344116 644 873 629 854 638 846 653 865
../dataset/kitti/testing/image_2/000533.png 0.5292383432388306 533 331 509 317 514 307 539 320
../dataset/kitti/testing/image_2/000533.png 0.025940652936697006 993 230 998 210 1010 213 1004 233
../dataset/kitti/testing/image_2/000538.png 0.858593761920929 605 489 604 464 616 464 617 488
../dataset/kitti/testing/image_2/000538.png 0.798534631729126 649 871 632 854 640 845 657 862
../dataset/kitti/testing/image_2/000538.png 0.7403548955917358 599 748 599 724 611 724 611 748
../dataset/kitti/testing/image_2/000538.png 0.7370268106460571 541 326 521 310 529 301 548 316
../dataset/kitti/testing/image_2/000538.png 0.616554319858551 473 298 449 299 448 287 473 286
../dataset/kitti/testing/image_2/000538.png 0.020758040249347687 1011 208 1011 186 1023 186 1024 208
../dataset/kitti/testing/image_2/000543.png 0.9744967222213745 600 747 600 722 612 722 613 747
../dataset/kitti/testing/image_2/000543.png 0.9614325761795044 607 491 606 466 618 466 619 490
../dataset/kitti/testing/image_2/000543.png 0.9411901831626892 652 870 636 852 645 844 661 862
../dataset/kitti/testing/image_2/000543.png 0.695262610912323 553 322 533 305 541 296 561 313
../dataset/kitti/testing/image_2/000543.png 0.5418978333473206 482 289 458 282 462 270 486 277
../dataset/kitti/testing/image_2/000548.png 0.9863216876983643 601 746 599 722 612 721 613 745
../dataset/kitti/testing/image_2/000548.png 0.7174190878868103 493 281 468 272 472 261 497 270
../dataset/kitti/testing/image_2/000548.png 0.7097992897033691 655 868 640 849 649 841 665 860
../dataset/kitti/testing/image_2/000548.png 0.6859778165817261 561 319 542 299 551 291 570 311
../dataset/kitti/testing/image_2/000548.png 0.47150346636772156 605 490 605 466 618 466 617 490
../dataset/kitti/testing/image_2/000553.png 0.9680919647216797 605 493 606 469 618 470 617 494
../dataset/kitti/testing/image_2/000553.png 0.953925609588623 659 866 645 847 655 840 669 859
../dataset/kitti/testing/image_2/000553.png 0.8764010667800903 572 315 553 295 561 287 580 306
../dataset/kitti/testing/image_2/000553.png 0.7916197776794434 602 745 600 720 612 720 614 744
../dataset/kitti/testing/image_2/000553.png 0.6218177080154419 505 269 482 263 485 251 508 257
../dataset/kitti/testing/image_2/000559.png 0.9113652110099792 603 744 601 720 613 719 615 743
../dataset/kitti/testing/image_2/000559.png 0.9055278301239014 664 864 649 846 658 838 674 857
../dataset/kitti/testing/image_2/000559.png 0.8321683406829834 605 493 606 469 619 470 617 494
../dataset/kitti/testing/image_2/000559.png 0.6606912612915039 515 263 492 247 499 237 522 254
../dataset/kitti/testing/image_2/000559.png 0.5994929671287537 579 313 561 291 571 284 588 306
../dataset/kitti/testing/image_2/000559.png 0.021395009011030197 528 1000 511 1011 504 999 521 989
../dataset/kitti/testing/image_2/000564.png 0.9830788373947144 604 743 602 719 614 718 616 742
../dataset/kitti/testing/image_2/000564.png 0.8929665088653564 605 495 606 470 618 471 617 495
../dataset/kitti/testing/image_2/000564.png 0.8588987588882446 526 255 504 237 512 227 534 245
../dataset/kitti/testing/image_2/000564.png 0.7901925444602966 587 312 570 288 580 281 597 306
../dataset/kitti/testing/image_2/000564.png 0.769132137298584 670 862 655 843 664 835 679 854
../dataset/kitti/testing/image_2/000564.png 0.010798346251249313 522 984 504 998 496 987 514 974
../dataset/kitti/testing/image_2/000569.png 0.9691925644874573 602 570 603 545 615 546 615 570
../dataset/kitti/testing/image_2/000569.png 0.9108706116676331 556 487 556 457 568 457 568 487
../dataset/kitti/testing/image_2/000569.png 0.7471765875816345 601 717 602 693 614 693 613 718
../dataset/kitti/testing/image_2/000569.png 0.5945714116096497 601 674 602 649 614 650 613 674
../dataset/kitti/testing/image_2/000574.png 0.9792312383651733 601 310 583 286 592 279 610 303
../dataset/kitti/testing/image_2/000574.png 0.8343219757080078 682 856 666 837 675 829 691 848
../dataset/kitti/testing/image_2/000574.png 0.7383082509040833 609 742 603 718 615 715 621 739
../dataset/kitti/testing/image_2/000574.png 0.5779386758804321 549 244 528 224 537 215 557 235
../dataset/kitti/testing/image_2/000574.png 0.520126461982727 605 496 605 471 617 472 617 496
../dataset/kitti/testing/image_2/000574.png 0.023781025782227516 822 760 823 735 835 736 834 760
../dataset/kitti/testing/image_2/000574.png 0.01043382566422224 726 1153 739 1136 748 1143 735 1160
../dataset/kitti/testing/image_2/000579.png 0.9078324437141418 605 496 605 472 617 472 617 496
../dataset/kitti/testing/image_2/000579.png 0.8769007325172424 690 852 674 834 683 826 699 844
../dataset/kitti/testing/image_2/000579.png 0.7291130423545837 558 239 540 218 550 210 567 231
../dataset/kitti/testing/image_2/000579.png 0.6960346698760986 611 740 607 716 619 714 623 738
../dataset/kitti/testing/image_2/000579.png 0.6875455975532532 605 310 590 285 600 279 615 304
../dataset/kitti/testing/image_2/000584.png 0.9085448384284973 613 740 608 716 620 713 625 737
../dataset/kitti/testing/image_2/000584.png 0.871298611164093 607 310 601 287 612 283 619 307
../dataset/kitti/testing/image_2/000584.png 0.6865378618240356 571 233 551 212 560 204 579 225
../dataset/kitti/testing/image_2/000584.png 0.6676038503646851 697 848 679 831 688 822 705 839
../dataset/kitti/testing/image_2/000584.png 0.5500020980834961 604 495 604 471 616 471 616 496
../dataset/kitti/testing/image_2/000591.png 0.9838940501213074 603 569 603 544 615 544 615 569
../dataset/kitti/testing/image_2/000591.png 0.9508397579193115 601 716 602 692 614 692 613 716
../dataset/kitti/testing/image_2/000591.png 0.6358943581581116 556 487 556 457 568 457 568 487
../dataset/kitti/testing/image_2/000591.png 0.6170458793640137 601 674 601 650 613 650 613 674
../dataset/kitti/testing/image_2/000596.png 0.8759023547172546 616 310 615 285 627 285 628 309
../dataset/kitti/testing/image_2/000596.png 0.7844030857086182 594 230 579 210 589 203 603 224
../dataset/kitti/testing/image_2/000596.png 0.7629740834236145 603 499 605 475 617 476 616 500
../dataset/kitti/testing/image_2/000596.png 0.7214246988296509 621 736 614 713 625 709 632 733
../dataset/kitti/testing/image_2/000596.png 0.6439365744590759 714 837 695 822 702 813 721 828
../dataset/kitti/testing/image_2/000596.png 0.016167854890227318 613 300 611 272 623 270 626 299
../dataset/kitti/testing/image_2/000602.png 0.9658688902854919 602 569 603 545 615 545 614 569
../dataset/kitti/testing/image_2/000602.png 0.9285932779312134 602 675 602 650 614 650 614 675
../dataset/kitti/testing/image_2/000602.png 0.679047703742981 600 716 602 692 614 693 612 717
../dataset/kitti/testing/image_2/000602.png 0.6767387986183167 556 487 556 457 568 457 568 487
../dataset/kitti/testing/image_2/000607.png 0.7924034595489502 728 827 707 814 713 803 734 816
../dataset/kitti/testing/image_2/000607.png 0.7369014620780945 626 734 618 711 629 707 638 730
../dataset/kitti/testing/image_2/000607.png 0.706081211566925 628 315 627 293 639 293 640 315
../dataset/kitti/testing/image_2/000607.png 0.6882219910621643 605 499 609 475 621 477 617 501
../dataset/kitti/testing/image_2/000607.png 0.5857107639312744 613 223 612 199 624 199 626 223
../dataset/kitti/testing/image_2/000612.png 0.9563894867897034 734 822 713 811 718 800 740 811
../dataset/kitti/testing/image_2/000612.png 0.8123911619186401 632 222 624 201 636 197 643 218
../dataset/kitti/testing/image_2/000612.png 0.7774897217750549 606 498 610 474 622 476 618 500
../dataset/kitti/testing/image_2/000612.png 0.7183904051780701 633 311 636 289 647 290 645 312
../dataset/kitti/testing/image_2/000612.png 0.7143250107765198 630 733 621 710 633 706 641 729
../dataset/kitti/testing/image_2/000617.png 0.896819531917572 632 732 622 710 633 705 643 727
../dataset/kitti/testing/image_2/000617.png 0.8319638967514038 739 817 717 807 722 796 744 806
../dataset/kitti/testing/image_2/000617.png 0.7226718664169312 643 222 642 205 653 204 654 221
../dataset/kitti/testing/image_2/000617.png 0.6580895185470581 606 498 611 474 623 477 618 501
../dataset/kitti/testing/image_2/000617.png 0.650053858757019 641 314 643 295 654 297 651 316
../dataset/kitti/testing/image_2/000622.png 0.8691809773445129 746 813 723 803 727 792 750 801
../dataset/kitti/testing/image_2/000622.png 0.7625287771224976 636 731 625 710 635 704 647 726
../dataset/kitti/testing/image_2/000622.png 0.7370784282684326 645 316 648 299 659 301 657 318
../dataset/kitti/testing/image_2/000622.png 0.6795635223388672 606 498 612 475 624 477 618 501
../dataset/kitti/testing/image_2/000627.png 0.932941734790802 637 730 628 707 640 703 648 726
../dataset/kitti/testing/image_2/000627.png 0.889031708240509 606 499 611 476 623 478 618 502
../dataset/kitti/testing/image_2/000627.png 0.838861882686615 751 809 728 800 733 789 756 798
../dataset/kitti/testing/image_2/000627.png 0.48631376028060913 649 320 650 301 661 301 660 321
../dataset/kitti/testing/image_2/000632.png 0.8516679406166077 641 730 631 707 642 702 652 725
../dataset/kitti/testing/image_2/000632.png 0.7413276433944702 757 803 734 794 739 783 762 792
../dataset/kitti/testing/image_2/000632.png 0.665341854095459 653 323 656 304 667 306 664 325
../dataset/kitti/testing/image_2/000632.png 0.6468935608863831 606 498 614 475 625 479 618 502
../dataset/kitti/testing/image_2/000637.png 0.9545233249664307 645 728 634 706 645 700 656 722
../dataset/kitti/testing/image_2/000637.png 0.8360156416893005 762 799 739 790 744 778 766 787
../dataset/kitti/testing/image_2/000637.png 0.6424939632415771 657 324 661 307 672 310 668 327
../dataset/kitti/testing/image_2/000637.png 0.5730275511741638 689 228 691 211 702 212 700 230
../dataset/kitti/testing/image_2/000637.png 0.5601938366889954 606 499 614 476 625 480 618 503
../dataset/kitti/testing/image_2/000642.png 0.9395387768745422 650 727 637 706 648 700 660 721
../dataset/kitti/testing/image_2/000642.png 0.8805425763130188 607 499 614 476 626 480 619 503
../dataset/kitti/testing/image_2/000642.png 0.7394925355911255 662 327 668 307 679 310 673 331
../dataset/kitti/testing/image_2/000642.png 0.633027970790863 770 792 746 786 750 774 773 780
../dataset/kitti/testing/image_2/000642.png 0.53326815366745 700 233 703 211 715 213 712 235
../dataset/kitti/testing/image_2/000647.png 0.9477921724319458 654 727 641 706 651 699 664 720
../dataset/kitti/testing/image_2/000647.png 0.933897078037262 607 498 616 476 627 480 619 503
../dataset/kitti/testing/image_2/000647.png 0.7886583805084229 668 329 672 313 682 315 678 331
../dataset/kitti/testing/image_2/000647.png 0.6790979504585266 710 238 712 217 724 219 721 239
../dataset/kitti/testing/image_2/000647.png 0.6078130602836609 774 788 751 782 754 770 777 777
../dataset/kitti/testing/image_2/000652.png 0.8091022372245789 779 784 755 780 757 768 781 772
../dataset/kitti/testing/image_2/000652.png 0.7743151783943176 725 242 730 227 741 231 736 245
../dataset/kitti/testing/image_2/000652.png 0.6584252715110779 673 331 679 314 690 318 684 335
../dataset/kitti/testing/image_2/000652.png 0.6331417560577393 609 498 618 476 629 480 620 503
../dataset/kitti/testing/image_2/000652.png 0.6167271733283997 657 726 644 705 654 699 667 719
../dataset/kitti/testing/image_2/000657.png 0.9558882713317871 602 675 602 650 615 650 614 675
../dataset/kitti/testing/image_2/000657.png 0.9318258762359619 555 487 556 457 569 458 567 487
../dataset/kitti/testing/image_2/000657.png 0.7527580857276917 603 568 603 544 615 544 615 568
../dataset/kitti/testing/image_2/000657.png 0.648282527923584 602 716 602 692 614 692 614 716
../dataset/kitti/testing/image_2/000662.png 0.9240026473999023 660 727 647 707 657 700 671 720
../dataset/kitti/testing/image_2/000662.png 0.8944909572601318 690 344 697 328 707 332 700 348
../dataset/kitti/testing/image_2/000662.png 0.7041674852371216 756 262 762 250 772 255 766 267
../dataset/kitti/testing/image_2/000662.png 0.6138427257537842 612 501 622 478 633 483 623 505
../dataset/kitti/testing/image_2/000662.png 0.5922804474830627 783 783 759 779 761 767 785 771
../dataset/kitti/testing/image_2/000667.png 0.865574300289154 663 728 648 709 658 702 673 721
../dataset/kitti/testing/image_2/000667.png 0.830338180065155 697 351 706 334 717 339 707 357
../dataset/kitti/testing/image_2/000667.png 0.8051101565361023 615 500 626 478 637 484 626 505
../dataset/kitti/testing/image_2/000667.png 0.7438251376152039 783 784 759 779 762 767 785 772
../dataset/kitti/testing/image_2/000667.png 0.48490768671035767 776 276 783 263 793 269 785 282
../dataset/kitti/testing/image_2/000672.png 0.8978504538536072 663 729 649 709 659 702 673 721
../dataset/kitti/testing/image_2/000672.png 0.7647421956062317 617 499 629 478 639 483 628 505
../dataset/kitti/testing/image_2/000672.png 0.640186071395874 702 356 710 340 720 345 712 361
../dataset/kitti/testing/image_2/000672.png 0.5788537859916687 782 784 759 778 762 766 785 773
../dataset/kitti/testing/image_2/000672.png 0.5464348793029785 786 283 793 271 803 277 796 289
../dataset/kitti/testing/image_2/000677.png 0.9433975219726562 619 501 630 480 641 485 630 507
../dataset/kitti/testing/image_2/000677.png 0.933120846748352 665 730 651 710 661 703 675 723
../dataset/kitti/testing/image_2/000677.png 0.8381640315055847 783 785 759 778 762 767 786 773
../dataset/kitti/testing/image_2/000677.png 0.676397442817688 709 363 719 344 730 349 719 369
../dataset/kitti/testing/image_2/000677.png 0.66855788230896 798 299 808 283 818 288 808 305
../dataset/kitti/testing/image_2/000677.png 0.1106347143650055 848 186 849 170 859 171 858 186
../dataset/kitti/testing/image_2/000682.png 0.9206019639968872 786 784 762 781 763 769 787 771
../dataset/kitti/testing/image_2/000682.png 0.9097927212715149 618 503 629 481 640 487 629 508
../dataset/kitti/testing/image_2/000682.png 0.8573958873748779 666 730 651 711 661 704 675 723
../dataset/kitti/testing/image_2/000682.png 0.4892224967479706 713 369 723 353 733 360 722 375
../dataset/kitti/testing/image_2/000682.png 0.47794851660728455 810 310 819 294 828 300 819 315
../dataset/kitti/testing/image_2/000687.png 0.9393759965896606 669 732 652 714 661 706 678 724
../dataset/kitti/testing/image_2/000687.png 0.8371361494064331 785 787 762 781 765 769 788 775
../dataset/kitti/testing/image_2/000687.png 0.7345969676971436 719 373 732 357 741 365 728 381
../dataset/kitti/testing/image_2/000687.png 0.7089348435401917 620 504 632 483 643 489 630 510
../dataset/kitti/testing/image_2/000687.png 0.5867754220962524 818 324 830 310 839 317 827 332
../dataset/kitti/testing/image_2/000692.png 0.8160883188247681 720 380 739 361 748 370 729 388
../dataset/kitti/testing/image_2/000692.png 0.7911263108253479 825 335 838 319 847 326 834 342
../dataset/kitti/testing/image_2/000692.png 0.7896397113800049 622 502 636 482 646 488 632 509
../dataset/kitti/testing/image_2/000692.png 0.7452098727226257 669 734 653 715 663 707 679 726
../dataset/kitti/testing/image_2/000692.png 0.6687765717506409 786 789 762 782 766 770 789 778
../dataset/kitti/testing/image_2/000697.png 0.8935503959655762 623 504 636 484 646 491 633 511
../dataset/kitti/testing/image_2/000697.png 0.781408429145813 786 791 762 785 765 773 789 779
../dataset/kitti/testing/image_2/000697.png 0.7679907083511353 669 736 654 717 663 710 678 729
../dataset/kitti/testing/image_2/000697.png 0.5905365943908691 731 384 744 373 751 382 738 393
../dataset/kitti/testing/image_2/000697.png 0.5761973261833191 834 351 844 340 852 347 842 358
../dataset/kitti/testing/image_2/000702.png 0.9865891933441162 603 569 604 545 616 545 615 569
../dataset/kitti/testing/image_2/000702.png 0.9651835560798645 601 716 602 692 614 692 613 716
../dataset/kitti/testing/image_2/000702.png 0.8762802481651306 601 674 601 649 614 649 613 674
../dataset/kitti/testing/image_2/000702.png 0.6510215401649475 555 487 556 457 568 457 567 487
../dataset/kitti/testing/image_2/000901.png 0.9467358589172363 626 887 614 866 625 860 637 882
../dataset/kitti/testing/image_2/000901.png 0.9298580884933472 607 302 615 276 627 280 619 306
../dataset/kitti/testing/image_2/000901.png 0.8417647480964661 585 438 586 414 598 414 597 439
../dataset/kitti/testing/image_2/000901.png 0.8414957523345947 661 223 681 208 687 218 668 232
../dataset/kitti/testing/image_2/000901.png 0.8111513257026672 589 776 585 752 597 750 601 774
../dataset/kitti/testing/image_2/000906.png 0.9568231105804443 629 883 618 862 628 856 640 877
../dataset/kitti/testing/image_2/000906.png 0.9497406482696533 592 775 585 752 596 748 604 771
../dataset/kitti/testing/image_2/000906.png 0.932969868183136 603 300 611 277 622 281 614 304
../dataset/kitti/testing/image_2/000906.png 0.7627933025360107 655 219 673 203 681 211 663 227
../dataset/kitti/testing/image_2/000906.png 0.5825062990188599 584 439 585 414 597 415 596 439
../dataset/kitti/testing/image_2/000906.png 0.013291778974235058 262 1157 272 1141 282 1148 272 1163
../dataset/kitti/testing/image_2/000911.png 0.7957867980003357 636 878 624 858 634 851 647 872
../dataset/kitti/testing/image_2/000911.png 0.758742094039917 585 444 585 420 597 420 597 444
../dataset/kitti/testing/image_2/000911.png 0.7258027791976929 595 773 587 749 599 745 606 769
../dataset/kitti/testing/image_2/000911.png 0.6279333233833313 648 214 664 193 674 200 657 221
../dataset/kitti/testing/image_2/000911.png 0.6041006445884705 603 299 608 273 620 275 614 301
../dataset/kitti/testing/image_2/000911.png 0.04313443973660469 829 253 834 235 844 238 840 255
../dataset/kitti/testing/image_2/000916.png 0.9624468684196472 602 298 604 273 616 274 614 299
../dataset/kitti/testing/image_2/000916.png 0.9369969964027405 596 770 590 746 601 743 608 767
../dataset/kitti/testing/image_2/000916.png 0.7981393933296204 641 873 628 853 638 847 651 867
../dataset/kitti/testing/image_2/000916.png 0.7683278322219849 646 207 664 188 672 196 654 215
../dataset/kitti/testing/image_2/000916.png 0.7572181224822998 586 443 586 418 598 418 598 443
../dataset/kitti/testing/image_2/000921.png 0.9388384819030762 599 767 592 744 604 741 610 764
../dataset/kitti/testing/image_2/000921.png 0.9079256057739258 646 868 633 848 643 841 656 861
../dataset/kitti/testing/image_2/000921.png 0.8727228045463562 643 204 655 185 665 191 653 210
../dataset/kitti/testing/image_2/000921.png 0.8719989657402039 586 442 586 418 599 419 598 443
../dataset/kitti/testing/image_2/000921.png 0.6793350577354431 602 293 607 269 619 272 613 296
../dataset/kitti/testing/image_2/000921.png 0.0376603864133358 836 225 842 206 854 210 848 228
../dataset/kitti/testing/image_2/000926.png 0.851553201675415 603 766 594 743 606 739 614 762
../dataset/kitti/testing/image_2/000926.png 0.8389645218849182 587 445 588 420 600 420 599 445
../dataset/kitti/testing/image_2/000926.png 0.7955635190010071 650 863 636 843 646 836 660 856
../dataset/kitti/testing/image_2/000926.png 0.7445878982543945 600 294 606 269 617 272 612 296
../dataset/kitti/testing/image_2/000926.png 0.5718965530395508 639 202 651 184 660 191 649 208
../dataset/kitti/testing/image_2/000926.png 0.043311212211847305 825 190 814 170 825 164 835 184
../dataset/kitti/testing/image_2/000931.png 0.8293190002441406 599 292 605 270 616 273 611 295
../dataset/kitti/testing/image_2/000931.png 0.8017096519470215 633 195 650 174 659 181 643 203
../dataset/kitti/testing/image_2/000931.png 0.7665631771087646 585 445 587 421 599 422 597 446
../dataset/kitti/testing/image_2/000931.png 0.6318878531455994 605 761 597 738 609 734 617 757
../dataset/kitti/testing/image_2/000931.png 0.546867847442627 658 857 642 839 651 831 667 849
../dataset/kitti/testing/image_2/000936.png 0.9211709499359131 608 759 598 736 610 732 619 754
../dataset/kitti/testing/image_2/000936.png 0.8543877005577087 599 294 603 270 615 272 611 296
../dataset/kitti/testing/image_2/000936.png 0.7877551913261414 632 192 641 173 652 178 642 198
../dataset/kitti/testing/image_2/000936.png 0.7588638067245483 587 444 589 420 601 421 599 445
../dataset/kitti/testing/image_2/000936.png 0.6099922060966492 664 851 647 834 655 825 673 842
../dataset/kitti/testing/image_2/000936.png 0.012425282970070839 716 135 724 118 734 123 726 140
../dataset/kitti/testing/image_2/000942.png 0.9439166188240051 613 754 604 731 616 727 624 750
../dataset/kitti/testing/image_2/000942.png 0.8675788044929504 600 292 604 269 616 272 611 294
../dataset/kitti/testing/image_2/000942.png 0.8415418863296509 673 843 655 826 664 817 681 834
../dataset/kitti/testing/image_2/000942.png 0.7783858776092529 626 190 635 167 646 172 638 194
../dataset/kitti/testing/image_2/000942.png 0.7671365141868591 586 446 588 422 600 423 598 447
../dataset/kitti/testing/image_2/000947.png 0.9283961653709412 617 750 607 728 618 723 628 746
../dataset/kitti/testing/image_2/000947.png 0.8412169814109802 627 190 633 172 644 175 638 193
../dataset/kitti/testing/image_2/000947.png 0.8318842053413391 679 837 661 820 670 811 688 828
../dataset/kitti/testing/image_2/000947.png 0.6651845574378967 586 446 588 422 600 423 598 448
../dataset/kitti/testing/image_2/000947.png 0.46231603622436523 600 293 603 270 615 271 612 295
../dataset/kitti/testing/image_2/000952.png 0.9826058149337769 621 747 611 725 622 720 632 742
../dataset/kitti/testing/image_2/000952.png 0.85017991065979 586 448 588 424 600 425 598 449
../dataset/kitti/testing/image_2/000952.png 0.8438488841056824 689 828 669 814 677 804 696 819
../dataset/kitti/testing/image_2/000952.png 0.8254712224006653 602 294 604 274 616 275 614 295
../dataset/kitti/testing/image_2/000952.png 0.6735679507255554 625 187 630 167 641 170 636 190
../dataset/kitti/testing/image_2/000957.png 0.932268500328064 556 487 556 457 568 457 568 487
../dataset/kitti/testing/image_2/000957.png 0.9054638147354126 602 568 603 544 615 544 614 569
../dataset/kitti/testing/image_2/000957.png 0.8222202658653259 601 675 602 650 614 651 613 675
../dataset/kitti/testing/image_2/000957.png 0.38709717988967896 600 715 602 691 614 692 612 716
../dataset/kitti/testing/image_2/000962.png 0.9711529016494751 604 294 606 275 617 276 615 295
../dataset/kitti/testing/image_2/000962.png 0.9422237873077393 585 450 589 426 601 428 597 452
../dataset/kitti/testing/image_2/000962.png 0.9086795449256897 628 740 618 718 630 713 639 736
../dataset/kitti/testing/image_2/000962.png 0.9003940224647522 622 186 626 168 637 171 633 189
../dataset/kitti/testing/image_2/000962.png 0.5756232142448425 707 814 685 803 691 792 712 804
../dataset/kitti/testing/image_2/000962.png 0.010938379913568497 867 764 844 769 841 756 864 752
../dataset/kitti/testing/image_2/000967.png 0.7671172618865967 606 293 609 274 620 276 617 295
../dataset/kitti/testing/image_2/000967.png 0.7301418781280518 586 450 589 426 601 428 598 452
../dataset/kitti/testing/image_2/000967.png 0.7244831919670105 633 737 623 715 634 710 644 732
../dataset/kitti/testing/image_2/000967.png 0.6696000099182129 624 184 628 164 640 166 636 186
../dataset/kitti/testing/image_2/000967.png 0.6587734818458557 716 807 695 795 700 785 722 796
../dataset/kitti/testing/image_2/000972.png 0.9334432482719421 587 453 589 429 601 430 599 454
../dataset/kitti/testing/image_2/000972.png 0.897717297077179 723 800 701 790 706 779 728 788
../dataset/kitti/testing/image_2/000972.png 0.8949936628341675 637 734 626 713 636 707 648 729
../dataset/kitti/testing/image_2/000972.png 0.8781498670578003 626 185 631 167 642 170 637 187
../dataset/kitti/testing/image_2/000972.png 0.8053327202796936 609 294 613 275 624 277 621 296
../dataset/kitti/testing/image_2/000977.png 0.8826504349708557 618 296 620 276 632 278 630 297
../dataset/kitti/testing/image_2/000977.png 0.651917040348053 640 731 629 710 639 704 651 726
../dataset/kitti/testing/image_2/000977.png 0.6013776063919067 731 794 708 785 712 774 735 783
../dataset/kitti/testing/image_2/000977.png 0.585296630859375 588 454 593 430 605 432 600 456
../dataset/kitti/testing/image_2/000977.png 0.46460026502609253 635 185 639 166 651 168 647 187
../dataset/kitti/testing/image_2/000982.png 0.8916122317314148 625 298 630 279 641 282 636 301
../dataset/kitti/testing/image_2/000982.png 0.7490019798278809 642 729 629 708 640 701 652 722
../dataset/kitti/testing/image_2/000982.png 0.6903466582298279 647 186 651 166 662 167 659 188
../dataset/kitti/testing/image_2/000982.png 0.676232635974884 591 455 596 431 608 434 603 457
../dataset/kitti/testing/image_2/000982.png 0.6262933611869812 734 789 711 780 716 769 738 778
../dataset/kitti/testing/image_2/000982.png 0.025416547432541847 972 311 993 316 991 328 969 324
../dataset/kitti/testing/image_2/000987.png 0.9216043949127197 643 728 630 707 640 700 653 721
../dataset/kitti/testing/image_2/000987.png 0.9119340777397156 735 787 713 777 718 766 741 776
../dataset/kitti/testing/image_2/000987.png 0.8228550553321838 638 300 644 282 655 286 649 304
../dataset/kitti/testing/image_2/000987.png 0.8111982345581055 666 189 671 173 681 176 677 192
../dataset/kitti/testing/image_2/000987.png 0.7346107363700867 595 456 601 432 613 435 607 459
../dataset/kitti/testing/image_2/000992.png 0.9502314329147339 650 307 656 284 667 287 662 310
../dataset/kitti/testing/image_2/000992.png 0.9411853551864624 642 725 630 704 640 698 652 719
../dataset/kitti/testing/image_2/000992.png 0.8163970708847046 600 456 608 433 620 437 612 460
../dataset/kitti/testing/image_2/000992.png 0.7181442379951477 684 194 691 171 703 175 695 198
../dataset/kitti/testing/image_2/000992.png 0.6991531252861023 736 786 714 776 719 765 741 775
../dataset/kitti/testing/image_2/000997.png 0.9286192655563354 706 200 714 182 725 187 716 205
../dataset/kitti/testing/image_2/000997.png 0.8616346716880798 641 724 629 703 640 696 652 718
../dataset/kitti/testing/image_2/000997.png 0.7069393992424011 664 311 674 292 684 297 675 316
../dataset/kitti/testing/image_2/000997.png 0.6998551487922668 604 457 613 434 625 439 616 462
../dataset/kitti/testing/image_2/000997.png 0.6960873603820801 736 786 713 777 718 765 740 775
../dataset/kitti/testing/image_2/001002.png 0.9764580726623535 602 570 603 545 615 546 615 570
../dataset/kitti/testing/image_2/001002.png 0.8235109448432922 601 674 602 650 614 650 613 675
../dataset/kitti/testing/image_2/001002.png 0.7636175751686096 602 716 602 692 614 692 614 716
../dataset/kitti/testing/image_2/001002.png 0.6441571116447449 555 487 556 457 568 457 567 487
../dataset/kitti/testing/image_2/001007.png 0.8835427761077881 639 722 627 701 638 695 650 717
../dataset/kitti/testing/image_2/001007.png 0.7872470617294312 744 214 756 198 765 205 754 221
../dataset/kitti/testing/image_2/001007.png 0.7345654964447021 613 458 625 437 635 443 623 464
../dataset/kitti/testing/image_2/001007.png 0.616488516330719 731 789 710 777 716 766 737 779
../dataset/kitti/testing/image_2/001007.png 0.6092597842216492 690 321 703 304 712 311 700 328
../dataset/kitti/testing/image_2/001007.png 0.0139131098985672 155 745 163 730 173 736 165 750
../dataset/kitti/testing/image_2/001012.png 0.8957695960998535 617 462 629 441 639 447 627 468
../dataset/kitti/testing/image_2/001012.png 0.8948692083358765 728 793 707 780 714 769 735 783
../dataset/kitti/testing/image_2/001012.png 0.8789206147193909 766 227 780 210 789 218 775 234
../dataset/kitti/testing/image_2/001012.png 0.6640056371688843 705 329 717 310 727 316 715 335
../dataset/kitti/testing/image_2/001012.png 0.579843282699585 635 721 624 699 635 693 646 716
../dataset/kitti/testing/image_2/001012.png 0.017248006537556648 536 931 543 908 555 912 547 934
../dataset/kitti/testing/image_2/001017.png 0.952574610710144 724 797 704 783 711 773 731 787
../dataset/kitti/testing/image_2/001017.png 0.8259707093238831 634 721 623 700 634 694 645 716
../dataset/kitti/testing/image_2/001017.png 0.8026863932609558 782 239 796 222 805 230 792 247
../dataset/kitti/testing/image_2/001017.png 0.6566312909126282 715 337 729 321 738 329 724 344
../dataset/kitti/testing/image_2/001017.png 0.6238083243370056 620 463 634 443 644 449 631 469
../dataset/kitti/testing/image_2/001017.png 0.014495130628347397 519 910 528 888 539 893 530 914
../dataset/kitti/testing/image_2/001017.png 0.014340230263769627 758 297 771 281 779 288 767 304
../dataset/kitti/testing/image_2/001022.png 0.918944239616394 719 801 700 786 707 777 726 792
../dataset/kitti/testing/image_2/001022.png 0.8881486058235168 724 347 741 329 749 338 733 355
../dataset/kitti/testing/image_2/001022.png 0.8534343242645264 624 464 639 444 649 451 634 471
../dataset/kitti/testing/image_2/001022.png 0.7087376117706299 629 721 620 699 631 694 640 717
../dataset/kitti/testing/image_2/001022.png 0.5917034149169922 802 254 819 241 826 251 809 263
../dataset/kitti/testing/image_2/001022.png 0.08180506527423859 489 888 501 867 512 873 500 894
../dataset/kitti/testing/image_2/001027.png 0.8683899641036987 815 268 831 256 838 265 823 277
../dataset/kitti/testing/image_2/001027.png 0.7148823142051697 628 721 617 699 628 693 639 715
../dataset/kitti/testing/image_2/001027.png 0.6537212133407593 713 805 695 790 703 780 721 796
../dataset/kitti/testing/image_2/001027.png 0.6040602922439575 732 355 750 340 757 348 739 364
../dataset/kitti/testing/image_2/001027.png 0.600406289100647 627 468 641 449 651 456 637 475
../dataset/kitti/testing/image_2/001027.png 0.05820264667272568 470 872 482 851 492 857 480 878
../dataset/kitti/testing/image_2/001032.png 0.9314666390419006 708 810 688 796 695 786 715 800
../dataset/kitti/testing/image_2/001032.png 0.9300620555877686 630 473 643 452 654 459 640 480
../dataset/kitti/testing/image_2/001032.png 0.8526039123535156 625 720 614 698 625 693 636 715
../dataset/kitti/testing/image_2/001032.png 0.37576451897621155 741 365 761 350 768 360 748 375
../dataset/kitti/testing/image_2/001032.png 0.07523742318153381 449 843 463 824 472 831 458 850
../dataset/kitti/testing/image_2/001032.png 0.029236510396003723 833 284 850 273 856 284 839 294
../dataset/kitti/testing/image_2/001037.png 0.8865582346916199 745 372 766 359 772 369 751 383
../dataset/kitti/testing/image_2/001037.png 0.8745108246803284 697 816 681 797 690 789 706 808
../dataset/kitti/testing/image_2/001037.png 0.6856920719146729 622 720 613 698 624 693 633 716
../dataset/kitti/testing/image_2/001037.png 0.4640634059906006 632 475 646 454 656 461 642 481
../dataset/kitti/testing/image_2/001037.png 0.18796221911907196 842 298 857 289 863 300 848 309
../dataset/kitti/testing/image_2/001037.png 0.010277804918587208 433 827 447 808 457 815 443 834
../dataset/kitti/testing/image_2/001042.png 0.8358522057533264 748 382 771 370 776 380 754 393
../dataset/kitti/testing/image_2/001042.png 0.8287948966026306 683 822 671 801 682 795 694 816
../dataset/kitti/testing/image_2/001042.png 0.7973455786705017 634 479 648 459 658 466 644 486
../dataset/kitti/testing/image_2/001042.png 0.5151731967926025 618 721 609 698 621 693 629 716
../dataset/kitti/testing/image_2/001042.png 0.33011797070503235 853 315 871 306 876 317 858 325
../dataset/kitti/testing/image_2/001047.png 0.8662615418434143 857 329 876 318 882 328 862 339
../dataset/kitti/testing/image_2/001047.png 0.8002024292945862 673 826 663 804 674 799 684 821
../dataset/kitti/testing/image_2/001047.png 0.7975018620491028 615 720 606 697 618 693 626 716
../dataset/kitti/testing/image_2/001047.png 0.687419593334198 749 388 774 376 779 387 755 398
../dataset/kitti/testing/image_2/001047.png 0.4318062663078308 636 481 650 461 660 469 645 488
../dataset/kitti/testing/image_2/001047.png 0.01500785257667303 748 561 771 556 774 567 750 572
../dataset/kitti/testing/image_2/001052.png 0.9641026258468628 637 484 651 464 661 471 647 491
../dataset/kitti/testing/image_2/001052.png 0.9448410868644714 612 720 604 696 616 693 623 716
../dataset/kitti/testing/image_2/001052.png 0.8774683475494385 751 392 776 385 780 396 754 404
../dataset/kitti/testing/image_2/001052.png 0.6694336533546448 663 830 651 809 661 803 673 824
../dataset/kitti/testing/image_2/001052.png 0.5650137662887573 863 344 884 337 888 348 867 356
../dataset/kitti/testing/image_2/001052.png 0.014856425113976002 396 748 414 732 422 741 405 757
../dataset/kitti/testing/image_2/001052.png 0.010299989953637123 873 344 892 337 896 348 876 355
../dataset/kitti/testing/image_2/001057.png 0.9456143379211426 602 569 602 544 614 544 614 569
../dataset/kitti/testing/image_2/001057.png 0.9091558456420898 601 673 601 649 614 650 613 674
../dataset/kitti/testing/image_2/001057.png 0.9082036018371582 602 717 602 693 614 693 614 718
../dataset/kitti/testing/image_2/001057.png 0.7844425439834595 555 486 556 456 568 456 567 487
../dataset/kitti/testing/image_2/001062.png 0.9645132422447205 607 720 600 697 612 693 619 716
../dataset/kitti/testing/image_2/001062.png 0.7643623948097229 634 839 631 815 643 814 646 838
../dataset/kitti/testing/image_2/001062.png 0.7074483036994934 862 364 882 363 883 374 863 375
../dataset/kitti/testing/image_2/001062.png 0.6784517765045166 746 401 772 396 775 408 749 413
../dataset/kitti/testing/image_2/001062.png 0.6707383394241333 636 491 650 471 660 478 646 498
../dataset/kitti/testing/image_2/001062.png 0.018349330872297287 897 571 915 557 922 566 904 580
../dataset/kitti/testing/image_2/001062.png 0.010058687068521976 482 869 493 848 504 853 493 875
../dataset/kitti/testing/image_2/001067.png 0.8736974000930786 635 494 649 475 659 482 645 501
../dataset/kitti/testing/image_2/001067.png 0.8702700734138489 620 842 620 818 632 818 632 842
../dataset/kitti/testing/image_2/001067.png 0.8378196358680725 604 719 597 696 609 693 616 716
../dataset/kitti/testing/image_2/001067.png 0.753211259841919 742 401 769 399 770 411 743 413
../dataset/kitti/testing/image_2/001067.png 0.6355029344558716 859 374 883 370 885 382 861 386
../dataset/kitti/testing/image_2/001072.png 0.8530094027519226 602 719 596 695 608 692 614 716
../dataset/kitti/testing/image_2/001072.png 0.7494122982025146 737 402 764 398 765 410 738 414
../dataset/kitti/testing/image_2/001072.png 0.7445145845413208 611 843 609 819 621 818 623 843
../dataset/kitti/testing/image_2/001072.png 0.6028404235839844 636 496 649 476 659 482 646 503
../dataset/kitti/testing/image_2/001072.png 0.5603518486022949 857 379 873 378 873 389 858 390
../dataset/kitti/testing/image_2/001072.png 0.01620943285524845 458 836 471 817 481 824 467 843
../dataset/kitti/testing/image_2/001072.png 0.011780785396695137 791 913 774 905 778 895 796 903
../dataset/kitti/testing/image_2/001077.png 0.880769670009613 595 858 599 834 610 836 607 859
../dataset/kitti/testing/image_2/001077.png 0.8705567121505737 631 500 644 479 654 486 641 506
../dataset/kitti/testing/image_2/001077.png 0.7486066222190857 599 717 595 693 607 691 611 715
../dataset/kitti/testing/image_2/001077.png 0.5519360899925232 731 399 757 397 758 409 731 411
../dataset/kitti/testing/image_2/001077.png 0.4728695750236511 847 379 870 376 872 388 849 391
../dataset/kitti/testing/image_2/001082.png 0.78785240650177 587 856 592 832 603 835 599 858
../dataset/kitti/testing/image_2/001082.png 0.773224413394928 626 499 640 479 650 485 637 506
../dataset/kitti/testing/image_2/001082.png 0.7671626806259155 718 396 747 391 749 403 720 407
../dataset/kitti/testing/image_2/001082.png 0.7618672847747803 600 717 595 693 607 690 612 714
../dataset/kitti/testing/image_2/001082.png 0.6236162781715393 838 376 865 373 867 385 839 388
../dataset/kitti/testing/image_2/001089.png 0.9426330924034119 583 846 582 822 595 822 595 846
../dataset/kitti/testing/image_2/001089.png 0.8559359312057495 815 365 842 362 844 374 816 377
../dataset/kitti/testing/image_2/001089.png 0.7914069294929504 699 388 727 382 730 394 701 399
../dataset/kitti/testing/image_2/001089.png 0.6687324643135071 602 717 599 693 611 691 614 715
../dataset/kitti/testing/image_2/001089.png 0.6624597311019897 619 501 633 480 643 486 629 508
../dataset/kitti/testing/image_2/001089.png 0.1847008615732193 490 884 504 864 514 871 500 891
../dataset/kitti/testing/image_2/001094.png 0.9380250573158264 802 359 829 355 830 367 804 371
../dataset/kitti/testing/image_2/001094.png 0.8067833185195923 615 503 626 481 637 487 626 509
../dataset/kitti/testing/image_2/001094.png 0.7738450765609741 689 384 716 376 719 388 692 395
../dataset/kitti/testing/image_2/001094.png 0.7660535573959351 602 716 600 691 612 690 614 714
../dataset/kitti/testing/image_2/001094.png 0.5930640697479248 574 843 583 820 594 825 585 847
../dataset/kitti/testing/image_2/001094.png 0.16232003271579742 489 872 502 852 513 859 499 879
../dataset/kitti/testing/image_2/001099.png 0.9009993076324463 563 842 574 820 585 826 573 847
../dataset/kitti/testing/image_2/001099.png 0.8414193987846375 602 715 600 691 612 690 614 714
../dataset/kitti/testing/image_2/001099.png 0.7540991306304932 678 383 702 372 707 382 683 393
../dataset/kitti/testing/image_2/001099.png 0.6710020899772644 787 351 813 349 814 361 788 364
../dataset/kitti/testing/image_2/001099.png 0.5720171332359314 614 506 621 483 632 486 625 509
../dataset/kitti/testing/image_2/001099.png 0.02766638994216919 506 900 518 880 529 886 517 907
../dataset/kitti/testing/image_2/001099.png 0.02356846071779728 305 752 288 741 295 731 312 742
../dataset/kitti/testing/image_2/001104.png 0.9810701608657837 553 837 569 819 579 827 563 845
../dataset/kitti/testing/image_2/001104.png 0.9448471665382385 670 379 694 366 700 376 676 390
../dataset/kitti/testing/image_2/001104.png 0.8727049827575684 603 714 602 689 614 689 615 713
../dataset/kitti/testing/image_2/001104.png 0.7160965204238892 777 344 804 342 805 354 778 356
../dataset/kitti/testing/image_2/001104.png 0.6473893523216248 612 505 618 481 630 484 624 508
../dataset/kitti/testing/image_2/001104.png 0.01832304149866104 504 887 520 868 529 876 514 895
../dataset/kitti/testing/image_2/001109.png 0.910314679145813 763 338 791 334 793 346 764 350
../dataset/kitti/testing/image_2/001109.png 0.7569377422332764 660 377 682 362 689 372 667 387
../dataset/kitti/testing/image_2/001109.png 0.7094845175743103 544 836 561 819 570 827 553 844
../dataset/kitti/testing/image_2/001109.png 0.5176714062690735 602 713 601 688 614 688 614 712
../dataset/kitti/testing/image_2/001109.png 0.3735366463661194 611 504 616 480 628 482 624 506
../dataset/kitti/testing/image_2/001109.png 0.34824565052986145 489 884 503 864 513 871 499 890
../dataset/kitti/testing/image_2/001114.png 0.9467741250991821 602 569 603 545 615 545 614 569
../dataset/kitti/testing/image_2/001114.png 0.9392633438110352 600 673 602 648 614 649 612 674
../dataset/kitti/testing/image_2/001114.png 0.8761054277420044 556 487 556 457 568 457 568 487
../dataset/kitti/testing/image_2/001114.png 0.6104729771614075 601 720 602 695 614 695 614 720
../dataset/kitti/testing/image_2/001119.png 0.8522897362709045 529 831 548 816 556 825 537 841
../dataset/kitti/testing/image_2/001119.png 0.8424908518791199 609 508 612 484 624 486 621 510
../dataset/kitti/testing/image_2/001119.png 0.7768692970275879 601 712 601 688 613 688 613 712
../dataset/kitti/testing/image_2/001119.png 0.7738379836082458 648 375 669 357 677 366 656 384
../dataset/kitti/testing/image_2/001119.png 0.5765599012374878 745 329 773 321 776 333 749 341
../dataset/kitti/testing/image_2/001124.png 0.9537398219108582 600 711 600 687 612 687 612 711
../dataset/kitti/testing/image_2/001124.png 0.9340482354164124 639 375 661 357 668 367 647 385
../dataset/kitti/testing/image_2/001124.png 0.8898815512657166 730 324 755 317 759 328 733 335
../dataset/kitti/testing/image_2/001124.png 0.7523413300514221 609 507 613 483 625 485 621 509
../dataset/kitti/testing/image_2/001124.png 0.6340624094009399 519 829 537 813 545 822 527 838
../dataset/kitti/testing/image_2/001124.png 0.04372255131602287 485 906 466 905 467 894 486 895
../dataset/kitti/testing/image_2/001129.png 0.8613816499710083 610 508 612 484 624 485 622 509
../dataset/kitti/testing/image_2/001129.png 0.8548182845115662 719 321 744 313 747 324 722 332
../dataset/kitti/testing/image_2/001129.png 0.852419912815094 507 826 527 812 534 822 514 836
../dataset/kitti/testing/image_2/001129.png 0.7238449454307556 630 375 650 356 658 364 639 384
../dataset/kitti/testing/image_2/001129.png 0.5973702073097229 596 711 598 687 610 687 608 712
../dataset/kitti/testing/image_2/001129.png 0.021981801837682724 469 904 450 898 453 888 472 893
../dataset/kitti/testing/image_2/001134.png 0.8541330695152283 609 510 611 485 623 486 621 510
../dataset/kitti/testing/image_2/001134.png 0.7900542616844177 591 709 597 685 609 688 603 712
../dataset/kitti/testing/image_2/001134.png 0.7690762281417847 705 316 728 305 733 316 710 327
../dataset/kitti/testing/image_2/001134.png 0.5798055529594421 499 825 517 809 525 818 507 834
../dataset/kitti/testing/image_2/001134.png 0.4967978298664093 628 372 640 354 650 361 638 378
../dataset/kitti/testing/image_2/001139.png 0.9157506227493286 612 510 612 485 624 485 624 510
../dataset/kitti/testing/image_2/001139.png 0.8098174929618835 696 312 720 301 725 312 701 323
../dataset/kitti/testing/image_2/001139.png 0.7353187203407288 488 819 508 805 515 815 495 829
../dataset/kitti/testing/image_2/001139.png 0.6353052258491516 591 707 597 684 608 686 603 710
../dataset/kitti/testing/image_2/001139.png 0.2638065814971924 626 364 638 351 646 358 634 372
../dataset/kitti/testing/image_2/001144.png 0.8188625574111938 610 512 610 488 623 488 622 513
../dataset/kitti/testing/image_2/001144.png 0.6519289016723633 591 707 595 683 607 686 602 709
../dataset/kitti/testing/image_2/001144.png 0.6095898151397705 682 311 704 298 710 308 688 321
../dataset/kitti/testing/image_2/001144.png 0.6031773090362549 482 814 503 803 508 813 487 825
../dataset/kitti/testing/image_2/001144.png 0.3401086926460266 613 373 622 358 631 364 622 379
../dataset/kitti/testing/image_2/001149.png 0.8227493166923523 610 510 610 486 623 486 622 510
../dataset/kitti/testing/image_2/001149.png 0.7895576357841492 668 308 688 293 696 302 676 318
../dataset/kitti/testing/image_2/001149.png 0.7598609924316406 476 812 497 799 503 810 482 822
../dataset/kitti/testing/image_2/001149.png 0.7482820153236389 588 707 595 683 606 686 600 710
../dataset/kitti/testing/image_2/001149.png 0.5334292650222778 602 377 611 358 622 363 613 382
../dataset/kitti/testing/image_2/001149.png 0.039706747978925705 434 877 412 872 416 860 437 866
../dataset/kitti/testing/image_2/001154.png 0.8505478501319885 650 308 666 292 674 300 659 316
../dataset/kitti/testing/image_2/001154.png 0.7867152690887451 596 378 602 358 613 361 607 381
../dataset/kitti/testing/image_2/001154.png 0.6102850437164307 610 512 607 487 619 486 622 510
../dataset/kitti/testing/image_2/001154.png 0.6026434302330017 587 707 592 683 604 686 599 710
../dataset/kitti/testing/image_2/001154.png 0.5701119899749756 470 809 492 799 497 810 476 820
../dataset/kitti/testing/image_2/001159.png 0.9005699157714844 464 810 485 798 491 808 470 820
../dataset/kitti/testing/image_2/001159.png 0.8035730123519897 608 514 606 489 618 488 621 512
../dataset/kitti/testing/image_2/001159.png 0.75388103723526 585 706 592 683 604 687 596 710
../dataset/kitti/testing/image_2/001159.png 0.5374953746795654 636 303 653 286 661 294 644 311
../dataset/kitti/testing/image_2/001159.png 0.47328704595565796 588 384 592 360 604 361 600 386
../dataset/kitti/testing/image_2/001164.png 0.866829514503479 607 514 605 490 617 489 619 513
../dataset/kitti/testing/image_2/001164.png 0.8015922904014587 581 705 590 683 601 687 592 710
../dataset/kitti/testing/image_2/001164.png 0.6862244606018066 456 806 479 797 483 808 461 817
../dataset/kitti/testing/image_2/001164.png 0.6447068452835083 583 387 585 366 597 367 595 388
../dataset/kitti/testing/image_2/001164.png 0.468230664730072 629 297 642 278 652 284 638 304
../dataset/kitti/testing/image_2/001169.png 0.9753352999687195 602 569 603 545 615 545 614 569
../dataset/kitti/testing/image_2/001169.png 0.9281336069107056 600 673 601 649 614 649 612 674
../dataset/kitti/testing/image_2/001169.png 0.898347020149231 556 487 556 457 568 457 568 487
../dataset/kitti/testing/image_2/001169.png 0.8006288409233093 600 719 602 695 614 696 612 720
../dataset/kitti/testing/image_2/001174.png 0.907157301902771 448 804 471 796 475 808 452 816
../dataset/kitti/testing/image_2/001174.png 0.8782055377960205 578 706 588 684 599 689 589 711
../dataset/kitti/testing/image_2/001174.png 0.8379546999931335 607 513 603 489 615 487 619 511
../dataset/kitti/testing/image_2/001174.png 0.7219463586807251 574 391 572 372 583 371 586 389
../dataset/kitti/testing/image_2/001174.png 0.018397366628050804 928 599 913 616 904 608 920 591
../dataset/kitti/testing/image_2/001179.png 0.9702164530754089 576 706 587 685 597 690 587 712
../dataset/kitti/testing/image_2/001179.png 0.8343760967254639 607 511 602 487 614 485 618 509
../dataset/kitti/testing/image_2/001179.png 0.8047677874565125 443 804 465 795 469 807 447 815
../dataset/kitti/testing/image_2/001179.png 0.5541057586669922 570 391 567 371 579 369 582 390
../dataset/kitti/testing/image_2/001184.png 0.8884475231170654 566 394 561 374 573 372 578 391
../dataset/kitti/testing/image_2/001184.png 0.7099923491477966 606 512 601 488 613 485 617 509
../dataset/kitti/testing/image_2/001184.png 0.6939067244529724 438 803 461 796 465 807 442 815
../dataset/kitti/testing/image_2/001184.png 0.6376988291740417 573 707 584 686 595 691 584 713
../dataset/kitti/testing/image_2/001189.png 0.9132152199745178 571 709 582 688 593 693 581 714
../dataset/kitti/testing/image_2/001189.png 0.884380578994751 436 804 459 797 463 808 440 816
../dataset/kitti/testing/image_2/001189.png 0.8810076117515564 605 511 600 488 612 485 616 509
../dataset/kitti/testing/image_2/001189.png 0.8349031209945679 562 394 555 373 566 369 574 390
../dataset/kitti/testing/image_2/001189.png 0.34355419874191284 555 299 559 279 569 282 565 301
../dataset/kitti/testing/image_2/001194.png 0.901066780090332 602 510 598 486 610 484 614 508
../dataset/kitti/testing/image_2/001194.png 0.7757232189178467 433 807 456 798 460 809 437 818
../dataset/kitti/testing/image_2/001194.png 0.7614046931266785 569 709 580 688 591 693 580 715
../dataset/kitti/testing/image_2/001194.png 0.6452528834342957 556 396 551 374 563 372 567 394
../dataset/kitti/testing/image_2/001194.png 0.0395641028881073 647 395 655 376 666 381 658 400
../dataset/kitti/testing/image_2/001199.png 0.8804726600646973 551 397 545 376 557 373 563 394
../dataset/kitti/testing/image_2/001199.png 0.7221965193748474 430 808 453 800 457 812 434 820
../dataset/kitti/testing/image_2/001199.png 0.6711241602897644 566 711 579 690 589 697 577 718
../dataset/kitti/testing/image_2/001199.png 0.640397310256958 601 509 593 486 605 482 612 506
../dataset/kitti/testing/image_2/001199.png 0.11174686998128891 527 298 530 280 541 282 538 300
../dataset/kitti/testing/image_2/000010.png 0.7278636693954468 597 469 588 446 599 441 608 464
../dataset/kitti/testing/image_2/000010.png 0.7028825879096985 594 772 601 748 612 752 606 775
../dataset/kitti/testing/image_2/000010.png 0.4877074956893921 531 940 542 919 553 924 542 946
../dataset/kitti/testing/image_2/000010.png 0.4524596929550171 459 285 437 266 445 257 467 276
